Histamine H3 receptor	tensor([ 1.0764e-03, -2.3419e-03, -2.4052e-03,  1.7171e-04, -5.5283e-04,
         5.7104e-03, -5.6491e-04,  1.6270e-03,  5.0544e-04, -9.5728e-04,
        -3.5685e-03,  2.9211e-03,  3.2971e-03, -1.9599e-03, -4.6551e-03,
         7.8973e-05,  5.3026e-04,  1.5438e-03,  4.6331e-04, -2.8823e-03,
        -1.1125e-03,  1.5090e-03, -2.4543e-03, -1.8328e-03,  6.1288e-03,
         2.1755e-03, -5.0975e-04, -3.2242e-03,  2.5865e-06,  8.1703e-04,
        -6.2944e-04,  8.3472e-04,  3.1918e-03,  1.4667e-03,  8.4624e-04,
        -3.0102e-03,  4.7301e-04,  1.5475e-03,  3.6537e-03, -1.3587e-03,
         2.5203e-04, -9.0415e-06, -4.8866e-03,  1.5220e-03, -1.4545e-03,
        -7.1035e-04, -1.1490e-03,  1.9910e-03, -1.7901e-03,  3.9213e-03,
         9.7358e-05, -3.9273e-04, -7.9991e-04, -5.1514e-04, -8.1454e-04,
         3.5584e-03, -4.1440e-03,  1.1501e-03,  1.5416e-03,  7.2930e-04,
         1.2585e-03,  2.7656e-04, -3.2562e-04, -9.4089e-04, -1.2994e-03,
        -2.0578e-03,  1.6633e-03, -7.0080e-04,  2.5334e-03,  1.9470e-04,
        -3.8999e-04, -3.8809e-03, -1.2438e-03,  1.8796e-03,  1.5343e-03,
        -9.9890e-04,  8.1376e-04,  2.5029e-03, -2.1390e-03, -5.2555e-03,
        -9.1912e-04, -1.1988e-03, -1.9925e-05,  2.0626e-03, -3.0589e-03,
        -6.3150e-03, -1.0188e-03,  1.0942e-03, -1.2150e-03, -1.8129e-03,
        -1.8699e-03,  3.2334e-03,  5.2315e-03, -1.1274e-03, -4.4455e-04,
        -3.6497e-03,  2.6453e-03, -3.6788e-03,  9.0194e-04, -4.3392e-04,
        -1.2235e-03,  1.4919e-03, -1.8435e-03,  3.1547e-04,  1.3171e-03,
        -3.2151e-04,  9.9333e-05, -1.9582e-03, -1.2105e-03,  4.6845e-03,
         6.0970e-03, -5.1883e-03, -2.7201e-03, -1.6099e-03, -3.7474e-03,
         2.3022e-03,  3.1430e-03,  2.6485e-03, -4.5828e-03, -3.4168e-03,
         1.1833e-03, -4.0487e-03,  1.5616e-04, -2.1199e-03,  7.9153e-04,
         9.8328e-04, -1.2728e-03,  4.3228e-03, -3.7445e-03, -2.7544e-03,
         1.6550e-03,  1.1958e-03, -1.0726e-03, -6.5935e-04,  3.3409e-04,
        -3.8792e-03, -3.9723e-03, -1.6049e-03, -2.6182e-03, -4.8298e-04,
        -3.2702e-03,  3.0295e-03,  7.3248e-04,  3.4363e-03, -2.9315e-03,
         1.6573e-03, -2.0223e-04, -1.4842e-03,  1.7239e-03, -9.4573e-04,
         1.1414e-03,  9.2979e-04, -3.7668e-03, -1.5080e-03, -2.9416e-04,
         3.9526e-03,  4.1929e-03, -1.3069e-03,  2.1299e-03, -8.8138e-04,
         7.8152e-04,  1.9453e-03,  1.1872e-04,  1.5309e-03, -1.6599e-03,
         4.4783e-04, -4.7987e-03,  3.7577e-03, -4.3765e-03,  9.3610e-05,
        -2.8409e-03, -9.3030e-04,  1.4433e-03, -2.3433e-03,  3.8566e-04,
         1.6148e-03,  1.5605e-03, -2.9074e-03,  4.5846e-04,  1.1994e-03,
        -1.6800e-03, -2.0072e-03,  8.4576e-04, -1.1755e-03,  3.0544e-03,
         3.8195e-04, -2.3294e-03,  2.9630e-03, -4.8258e-03,  1.1699e-03,
        -1.9258e-03,  9.5366e-04,  1.0743e-03,  2.2221e-03, -7.3474e-04,
         4.9615e-04,  6.5090e-04,  3.0438e-03, -1.1238e-03,  3.9700e-03,
        -1.0364e-03,  1.0846e-03,  4.6172e-03, -2.1397e-03,  5.0396e-04,
         3.0472e-03,  2.0003e-03, -9.9576e-04,  2.2120e-03,  3.0174e-03,
         2.8179e-03,  9.5004e-04, -1.9121e-04, -4.3344e-03,  3.5927e-04,
        -2.5063e-03, -2.2696e-03,  1.5046e-03, -2.0905e-03,  1.4108e-03,
         5.5611e-03,  3.5641e-03, -6.8448e-04,  4.5171e-03, -2.1858e-03,
        -2.2323e-03,  1.2533e-05,  5.2319e-03, -3.6313e-04, -2.1147e-03,
         1.9299e-03,  2.9368e-03, -2.5525e-03,  4.7100e-03,  1.0742e-03,
         2.6941e-04,  2.1549e-03, -1.6439e-03,  5.2733e-03, -2.0018e-03,
        -1.8574e-03, -7.5170e-04,  2.6240e-03,  2.4115e-03,  1.9822e-03,
        -2.5961e-03,  1.8326e-03,  1.8148e-03,  2.1304e-03,  5.1304e-04,
         1.4155e-03, -4.5346e-03,  3.7334e-03, -1.4589e-03, -3.9836e-03,
         6.3068e-04, -1.5383e-03, -2.9298e-03,  1.8296e-03, -2.9064e-04,
        -3.1366e-03,  1.1959e-03,  1.7050e-03, -1.0273e-03, -2.0999e-03,
         1.9428e-03,  3.0405e-03, -1.7211e-03, -2.1994e-03,  7.3589e-04,
        -1.0573e-03, -8.8122e-04, -2.4073e-03,  2.4986e-03, -5.9778e-04,
         8.7312e-04,  8.5766e-04,  2.3586e-03,  9.3636e-04,  1.8176e-03,
         1.5143e-03, -5.2026e-03, -1.1918e-04, -4.9224e-04, -1.0131e-04,
        -5.8145e-04,  2.1725e-03,  3.2863e-04,  2.2925e-03, -3.8765e-04,
        -5.6264e-03, -4.4677e-03, -3.8607e-03,  1.1233e-04,  2.1755e-03,
        -1.5573e-03,  1.7734e-04, -2.1345e-03, -5.1379e-03, -2.7351e-03,
        -6.5065e-05,  1.6935e-03, -3.7000e-03, -1.1224e-03, -5.7840e-03,
        -2.6332e-03, -1.4665e-03, -1.3549e-03,  1.8217e-03,  1.4565e-03,
        -3.3404e-04,  1.2893e-03,  7.3333e-04,  2.6747e-03, -3.1315e-03,
        -2.3899e-03,  3.4866e-04, -2.6393e-03, -2.6198e-04, -2.9556e-03,
         2.1880e-03, -9.8259e-04,  5.2508e-04,  3.0369e-03, -5.6551e-03,
        -1.3828e-03, -5.1175e-03,  8.6772e-03,  4.9601e-03,  3.9173e-03,
         9.7464e-04, -1.8077e-03, -1.2088e-03,  1.2366e-03, -2.4928e-03,
         4.8364e-03, -1.0377e-03,  2.9003e-04, -2.6010e-03, -9.5417e-04,
         2.0666e-03, -9.9994e-04, -3.1569e-03, -3.0059e-03, -1.4017e-03,
        -1.3081e-03,  2.2943e-03,  2.4453e-03, -3.8577e-03, -5.0844e-03,
        -1.0179e-04,  1.6563e-03,  2.6486e-03,  1.1684e-03, -1.0086e-04,
        -3.7940e-03, -8.8268e-04, -1.8266e-03,  2.1868e-03, -4.1594e-04,
        -1.4235e-03,  1.1810e-03, -5.9493e-04, -2.9945e-03, -1.7502e-03,
         4.6004e-04,  1.4406e-03, -1.2666e-03,  1.0291e-03,  2.4864e-03,
         7.9760e-05,  4.0533e-03,  1.2361e-04,  6.1055e-04,  3.7429e-04,
        -1.1764e-03, -4.9590e-03, -2.1327e-03,  4.1622e-03, -4.8411e-03,
        -1.6162e-03,  6.3561e-04,  2.0873e-03,  2.7047e-03,  4.3400e-03,
        -2.2546e-04,  2.0033e-03, -1.8122e-03, -8.6985e-04, -2.9510e-03,
        -1.3040e-03,  9.0482e-04, -8.7442e-04,  3.1202e-03, -3.2634e-03,
         2.2587e-03,  3.9394e-03, -1.3487e-03,  2.9820e-06, -2.8260e-04,
         3.9066e-03,  2.5195e-03,  4.7824e-03, -3.2366e-03, -2.3203e-03,
         1.4244e-04, -1.8215e-03,  3.8875e-04, -3.8841e-03,  1.9085e-03,
         4.2172e-04, -3.0735e-03, -1.0310e-03, -6.1947e-04,  4.0001e-03,
         1.1703e-03,  4.4481e-04,  3.6503e-03, -1.8527e-03, -1.0088e-03,
        -2.6640e-04,  5.8084e-04, -4.5678e-04,  3.2028e-04, -1.4459e-03,
        -1.4176e-03, -7.5691e-04, -2.0153e-03,  1.0203e-04, -2.7095e-03,
        -2.3855e-03, -3.7467e-03,  1.9614e-03, -2.2844e-03,  2.0354e-03,
        -2.8753e-03,  1.5456e-03, -1.1659e-03, -2.6416e-03,  5.1248e-04,
        -2.2721e-03,  4.4807e-04, -5.5629e-04,  1.2022e-03, -3.7557e-03,
        -2.1965e-04, -4.5699e-04,  1.6738e-03,  1.1062e-03,  5.5491e-04,
        -1.3402e-03, -2.6825e-04,  6.4455e-04,  2.3823e-03, -1.3756e-03,
        -1.3901e-04, -2.2962e-03, -2.6926e-04, -1.4010e-03, -3.7016e-03,
         4.3803e-04,  2.9522e-03, -3.9529e-03, -1.8188e-03,  4.2807e-04,
        -2.7109e-03,  3.7774e-03,  4.2639e-04, -2.4609e-03,  1.0334e-04,
         2.8458e-03,  2.7300e-03,  2.8772e-03,  2.5185e-04, -2.9446e-03,
        -1.4448e-03, -3.3875e-03,  4.9666e-04, -1.5299e-03, -3.1642e-03,
         6.6353e-04, -2.8710e-03, -2.2635e-03, -2.1947e-03,  2.9869e-03,
         1.6242e-03, -2.2185e-03,  1.9903e-04, -1.8553e-03,  1.3583e-03,
         3.5674e-03, -1.6605e-03, -1.6079e-03, -4.5210e-03,  2.4751e-03,
         3.7398e-03,  2.6834e-03,  2.4477e-03, -6.3925e-04, -4.5114e-04,
         1.2860e-03,  9.7082e-04,  1.1067e-03,  3.5908e-03, -9.6347e-04,
         2.9265e-03,  6.0922e-03,  2.4179e-03,  1.2278e-03,  4.4693e-03,
        -5.0176e-03,  2.9247e-03, -6.7205e-04,  3.1534e-03,  2.9679e-03,
        -4.4473e-04, -2.0508e-04,  3.1651e-03,  2.4387e-03,  3.7842e-03,
         2.5574e-03, -1.0806e-03,  3.1185e-03,  1.1111e-03, -5.6513e-05,
         3.5597e-04, -4.9190e-03,  4.5059e-04, -1.7025e-03,  3.8608e-03,
        -2.4237e-03,  1.0802e-04,  5.5136e-04,  2.0774e-04, -8.2139e-04,
        -3.9359e-03,  5.7152e-03, -4.2037e-03, -1.7054e-03, -1.9131e-03,
         1.2796e-03, -1.5219e-03,  8.8494e-04,  6.0804e-05,  1.7423e-03,
         2.0820e-04,  8.1644e-03, -3.2976e-03,  1.1812e-03, -3.0563e-03,
        -1.8554e-03,  1.1100e-03,  2.5008e-03, -6.8419e-04, -1.5695e-03,
         1.3354e-03,  3.5501e-03,  1.7998e-03, -3.9600e-03,  2.2598e-04,
        -3.2564e-04,  1.7710e-03, -5.2940e-04, -4.3871e-03, -2.1362e-04,
         3.1340e-03, -3.5953e-03,  1.1038e-03,  1.1409e-03, -3.3145e-03,
        -1.5215e-03,  1.0163e-03, -3.8173e-03, -5.3639e-03,  4.2035e-04,
        -4.0293e-03,  7.8034e-04,  1.9321e-03,  1.7384e-03, -4.7728e-04,
         2.2169e-03, -2.1815e-03,  1.8896e-03,  1.2306e-03, -3.6308e-03,
        -7.7478e-04,  1.4971e-03,  1.2641e-03,  2.0034e-03,  5.4511e-03,
        -4.9765e-03, -1.8636e-03, -3.1144e-03, -3.2083e-03,  2.8937e-03,
         3.2682e-04,  6.6055e-04,  3.3473e-03, -1.7809e-03,  1.5565e-03,
         8.6391e-05, -3.9405e-03,  4.1777e-03,  1.0230e-03, -4.4896e-03,
         9.9354e-04, -2.1116e-03,  4.1616e-03,  2.8272e-03, -1.3760e-03,
         3.8574e-04,  1.3419e-03, -1.4767e-03,  2.1816e-03,  5.1782e-03,
         1.9042e-04, -1.2515e-03, -4.7528e-04, -1.4675e-03, -1.6101e-03,
        -2.4966e-03, -6.1704e-04,  7.7025e-04,  3.2989e-03,  5.5776e-04,
        -3.9857e-04,  3.7096e-03,  3.6422e-04,  1.3064e-04,  4.8191e-03,
        -1.6662e-03,  1.8120e-03,  8.9639e-04,  1.9952e-03,  6.3104e-03,
        -2.5996e-04,  3.4088e-03, -1.6359e-03,  4.3350e-04,  1.9839e-03,
         2.6106e-03,  1.2868e-03,  1.2857e-05, -2.2424e-03,  1.8785e-03,
         2.4958e-03,  5.2482e-04, -3.1144e-03,  1.0318e-03, -2.5989e-03,
         3.4403e-03, -1.7147e-03, -5.0683e-03, -1.3573e-03, -3.9629e-05,
        -9.4275e-04, -3.4089e-03, -2.5261e-03,  1.8188e-03, -1.8311e-03,
        -3.0560e-03,  1.3663e-03,  3.3191e-03, -1.4943e-03,  5.6145e-03,
         1.0129e-03, -2.0996e-03, -5.6266e-05, -2.8461e-03,  5.9317e-04,
        -1.6844e-03,  1.6416e-03, -4.2118e-03, -3.8192e-04,  4.3023e-03,
        -1.7795e-04,  1.9988e-04,  2.1316e-03,  1.2143e-03, -1.0591e-03,
        -8.1251e-04,  2.2892e-03, -5.5755e-04,  1.2236e-03, -3.1581e-03,
        -2.5850e-03, -4.0759e-03, -5.2870e-03,  5.2953e-05,  4.5400e-04,
        -1.8068e-03, -1.4699e-03, -1.9090e-03, -2.3363e-03, -6.4281e-04,
         4.8831e-03,  3.4671e-03, -1.3047e-03, -1.3257e-03, -1.1200e-03,
         2.9449e-03, -2.2284e-04, -1.4302e-03, -3.2995e-03, -5.4583e-04,
        -3.8118e-03, -7.1703e-04, -4.2231e-03, -2.6868e-03, -4.5866e-03,
        -3.4202e-03,  9.1021e-04, -5.3394e-04,  1.0193e-03, -2.8675e-03,
         3.9548e-03, -2.1278e-03, -5.4656e-04,  1.0074e-03,  4.2168e-03,
         1.4262e-03,  3.7658e-04,  2.4934e-03,  7.5266e-04, -8.9909e-04,
         2.6854e-03, -2.2341e-03, -3.7386e-03, -7.5762e-04, -2.4414e-03,
        -1.3318e-03,  4.0240e-03, -3.2658e-03, -1.3466e-03, -6.3782e-03,
        -5.5522e-03,  1.7962e-05,  7.0042e-04,  7.3259e-04, -1.7939e-04,
         2.7339e-03,  2.7163e-04,  5.9877e-03,  1.2379e-03, -1.3331e-04,
         8.1710e-04,  8.5880e-05,  2.5180e-03, -1.7616e-05, -5.4540e-05,
        -3.0080e-03,  3.2336e-04, -2.5728e-03, -4.5013e-03,  5.2224e-03,
         4.9024e-03,  9.1156e-04,  1.1015e-03, -2.2056e-03, -3.9953e-04,
        -1.8109e-03, -6.0192e-03,  1.0552e-03,  3.1733e-03,  1.9797e-03,
        -1.2379e-04,  7.4103e-03, -3.9074e-04])
C-C chemokine receptor type 5	tensor([ 1.1740e-03, -1.2890e-03,  9.0069e-05, -1.6300e-03,  4.9788e-05,
         3.2876e-03, -1.2035e-03, -1.2069e-04, -1.0196e-03, -6.6633e-04,
        -1.2026e-03, -1.7849e-04,  6.9332e-04,  8.5735e-04, -3.3597e-03,
         1.7739e-03, -3.7505e-04,  6.1223e-04,  6.7716e-04, -3.3722e-03,
         3.6948e-05, -3.5211e-03,  2.0164e-03,  5.8676e-04,  1.5413e-03,
        -9.0287e-05,  1.2582e-03,  1.2401e-03,  5.3536e-05,  1.0856e-03,
         2.6852e-04,  1.4407e-03,  2.8501e-03,  3.3195e-04,  2.4016e-03,
        -1.4328e-03, -3.9290e-04,  1.5277e-03,  2.7225e-03, -1.4829e-03,
         1.2154e-03,  7.1936e-04, -1.0637e-03,  2.0764e-04, -2.0911e-03,
        -8.7253e-04,  2.8975e-04,  2.0771e-04, -1.0313e-03,  1.3923e-03,
         1.0977e-03,  2.1600e-03,  8.5457e-04,  3.7272e-04, -6.1724e-04,
        -6.1213e-04, -4.1246e-03,  8.3934e-04,  7.2301e-04,  1.1912e-04,
         1.2054e-03,  1.7040e-04, -3.8130e-04,  1.1099e-03,  1.2057e-04,
        -1.8533e-03, -7.2145e-04, -1.0593e-03,  1.3661e-03, -1.0396e-07,
        -8.0140e-04, -2.3232e-03,  5.5141e-04,  1.2868e-03, -8.2189e-04,
        -1.2985e-03,  2.1519e-03,  4.1375e-04, -3.0738e-04, -3.4986e-03,
         1.2070e-04,  6.7042e-04, -2.9413e-04,  3.0509e-03, -1.1007e-03,
        -5.8537e-03,  2.4833e-03,  6.8423e-04,  7.4224e-05,  1.4085e-04,
        -1.1610e-03,  4.9225e-03,  1.8315e-03, -2.1790e-03,  6.0979e-04,
        -1.9724e-03,  5.2747e-03, -2.9840e-03,  1.7375e-03,  6.1192e-04,
        -3.4592e-03,  1.6087e-03, -4.0050e-03,  8.8586e-04,  8.1420e-04,
        -5.0616e-06, -1.9438e-04, -2.3961e-04, -1.6474e-03,  3.1836e-03,
         3.6712e-03, -2.0966e-03, -6.8037e-04,  1.9480e-04, -3.5933e-03,
         1.1944e-03,  1.5587e-04,  2.9252e-03,  2.3675e-04, -2.8561e-03,
        -3.1023e-04, -2.1472e-03,  1.0456e-03, -5.7500e-05,  1.9950e-03,
        -1.9529e-03, -1.4097e-03,  4.3894e-03, -2.0808e-03, -3.3993e-03,
        -4.9936e-04, -8.5487e-04, -1.2187e-03,  1.1606e-04,  1.0116e-03,
        -3.4707e-04, -3.5918e-04, -3.6988e-03, -2.2116e-03,  1.6754e-03,
        -3.7928e-03,  4.2989e-03,  3.0139e-03,  1.4314e-03, -3.2071e-03,
         2.0229e-03,  8.6240e-04,  2.0541e-04,  2.2716e-03,  8.0006e-04,
        -3.0609e-04,  1.0312e-04, -4.3099e-03, -2.9964e-04,  1.6646e-04,
         1.6419e-03,  3.5855e-03,  1.3787e-03,  1.5571e-03, -1.7771e-03,
        -1.2024e-03,  2.2908e-04, -7.8551e-04,  1.5586e-03, -1.1930e-03,
         8.2915e-04, -1.7917e-03,  1.2683e-03, -2.3642e-03,  1.1003e-04,
        -3.9887e-03, -1.1431e-03,  9.1794e-04, -1.4690e-03, -9.5498e-04,
         4.9678e-04,  2.6365e-03, -2.9609e-03, -2.8618e-04, -7.3432e-04,
         1.8518e-03, -3.1415e-03,  3.4505e-03, -3.4588e-04,  3.3246e-03,
         5.8112e-04, -2.4368e-03,  2.1880e-03, -3.3099e-03,  2.5920e-03,
        -8.7407e-04,  2.2631e-03,  3.1667e-03, -7.3195e-04, -1.4742e-03,
        -8.2519e-04, -1.0972e-03,  1.1670e-03, -4.7113e-04,  2.5969e-03,
        -5.8629e-04, -9.3828e-04,  2.7018e-03, -8.3903e-04, -8.7580e-04,
         3.4296e-03,  8.0266e-04,  2.0098e-03,  1.2273e-03,  2.3227e-03,
         3.2449e-03,  4.5641e-04, -1.6706e-03, -8.0046e-04,  1.5925e-03,
        -2.4975e-03,  6.3745e-04,  1.1920e-03, -2.4513e-03, -1.0202e-04,
         1.4547e-03,  4.2604e-03, -1.8965e-03,  2.5254e-03, -6.9612e-04,
        -9.8319e-04, -2.6348e-03,  3.6153e-03,  6.1119e-04, -5.6070e-04,
        -1.9196e-03,  1.9567e-03, -1.6466e-03,  2.7804e-03,  1.7582e-03,
         1.8821e-03,  6.8054e-04, -3.6728e-04,  2.1856e-03, -2.3242e-03,
        -3.1856e-03, -2.1849e-04,  1.7370e-03,  2.4991e-04,  3.2287e-03,
        -3.1799e-03,  4.6543e-04,  4.5341e-03,  2.1648e-03,  3.1622e-03,
         8.2915e-04, -3.5867e-03,  3.2140e-03, -2.5276e-03, -2.8018e-03,
        -1.2533e-03, -3.6992e-03, -1.5881e-03, -1.6371e-03,  6.4478e-04,
        -1.0492e-03, -7.4381e-04,  5.7387e-04, -2.9301e-03, -1.6319e-03,
        -4.0857e-04,  3.0823e-03,  1.6353e-03, -2.7436e-04, -3.5246e-04,
        -1.5161e-03, -2.7532e-03, -1.5861e-03,  2.5492e-03, -1.1458e-03,
        -5.5016e-04,  4.3435e-04,  8.6248e-04,  2.4618e-03,  1.3070e-03,
        -1.3221e-04, -1.5694e-03,  1.2947e-03,  6.9828e-05,  2.7233e-04,
        -1.6038e-03,  1.1416e-03, -1.2753e-03,  1.6436e-03,  1.4767e-03,
        -4.6052e-03, -8.3295e-04, -4.5945e-03,  9.0216e-04,  1.3330e-03,
        -3.2435e-03, -1.0420e-03,  7.8574e-04, -3.0961e-03, -8.0314e-04,
         8.3497e-05,  3.5354e-04, -7.9172e-04, -2.7735e-04, -5.9678e-03,
         6.7060e-04,  1.1829e-03, -3.6432e-03,  2.7926e-03,  2.4659e-03,
        -1.5684e-04,  4.0398e-03,  3.4272e-03,  1.4547e-03, -3.0621e-04,
         1.3750e-04, -2.4109e-03, -3.2362e-03, -1.2917e-03, -1.5235e-03,
         1.9870e-04, -1.4745e-03, -1.1251e-04,  1.7860e-03, -2.2225e-03,
        -1.9879e-03, -1.3681e-03,  4.0679e-03,  2.8970e-03,  1.4593e-04,
        -4.4247e-04, -6.5536e-04, -4.8400e-03, -3.5254e-04, -2.4639e-03,
         5.9491e-03, -1.0063e-03,  9.2635e-04, -1.8812e-03,  7.4968e-04,
        -3.4493e-03, -7.1181e-04, -1.6357e-03, -1.4914e-03, -1.7537e-03,
        -3.0454e-03,  1.7396e-03,  3.4394e-03, -2.4663e-04, -3.9067e-03,
         8.9548e-04,  5.9600e-04,  1.4597e-03,  2.1883e-03, -1.2224e-03,
        -1.7317e-03,  9.8152e-04,  1.9226e-03,  1.2562e-03,  2.2547e-04,
        -1.7963e-03, -8.8858e-04,  1.2857e-03, -5.8711e-03, -7.5852e-04,
         8.2828e-04,  1.0869e-03,  8.1054e-04, -9.4595e-04,  2.8888e-03,
         3.3129e-04,  2.6587e-03,  8.8014e-04,  4.9931e-04,  1.4017e-03,
        -8.6713e-04, -3.6336e-03, -2.3279e-03,  3.2128e-03, -3.2074e-03,
        -1.4927e-03,  1.1771e-03,  2.5912e-03, -3.0094e-04,  6.7755e-04,
         1.6922e-03,  4.4022e-04, -1.1036e-04, -6.8378e-04, -2.1704e-03,
        -1.3113e-03, -4.0322e-04, -3.1039e-03,  2.8354e-03, -2.2512e-04,
         2.1460e-03,  2.3692e-03,  2.4779e-04, -8.4453e-04, -1.9459e-03,
         6.3240e-04,  2.8982e-03,  3.3471e-03, -3.7615e-03, -2.2166e-03,
         5.8108e-04, -3.7389e-04, -3.4316e-04, -2.3400e-03,  1.2196e-03,
         1.2520e-03, -3.4059e-03,  4.1455e-04, -4.7424e-04,  4.6719e-03,
         1.1164e-03,  7.9662e-04,  2.0715e-03, -2.1426e-03,  1.8775e-03,
         2.2736e-03,  2.7543e-03, -2.2454e-03, -7.7328e-04, -1.1034e-03,
        -2.2099e-03, -9.9113e-04, -2.4222e-03,  1.5514e-03, -1.9023e-03,
        -3.0075e-03, -2.2048e-03,  3.2377e-04, -1.8746e-03,  2.2226e-03,
        -1.3677e-03,  1.1594e-03, -1.0675e-03, -1.0707e-03, -9.1699e-04,
        -9.5106e-04, -9.5650e-04, -3.4330e-03, -1.5733e-03, -1.3363e-03,
        -7.3167e-05, -2.2933e-03, -1.5111e-04,  2.5202e-03,  1.3553e-04,
        -3.3062e-04, -2.1731e-03,  6.8815e-04, -3.9279e-05, -2.0937e-03,
         4.8817e-04, -2.5078e-04, -2.1639e-03,  1.1648e-03,  1.4177e-03,
        -1.3997e-03,  1.3710e-03, -8.1868e-04,  2.5130e-03,  8.3162e-04,
         7.9298e-04,  1.6062e-03,  8.5277e-04,  1.9760e-04, -1.6429e-03,
         6.3745e-04,  2.9979e-04, -9.1424e-04,  2.4019e-04, -9.3759e-04,
        -3.0195e-03, -3.8550e-04,  1.0931e-03, -8.2201e-04, -3.3740e-03,
         1.1452e-03, -1.0915e-03, -4.7147e-03,  2.1719e-04,  2.9340e-03,
         1.3993e-04, -1.9394e-03, -1.5004e-03, -2.8709e-03, -8.3325e-04,
         1.2050e-03,  1.0463e-03, -1.0177e-03, -1.3819e-03, -9.8630e-04,
         1.9966e-03,  3.1307e-03,  1.8228e-03, -9.4203e-04, -1.7533e-03,
         2.2383e-03,  8.1520e-04, -1.4373e-03,  4.0038e-03,  5.1946e-04,
         3.7480e-03,  1.9923e-03,  5.4293e-04,  1.0052e-03,  4.1772e-03,
         1.9904e-03,  2.3783e-03,  3.2144e-04,  2.5960e-03,  2.4661e-03,
        -1.5455e-03, -2.1493e-04,  1.1932e-03,  3.5933e-03,  1.5585e-03,
         7.3822e-04, -1.2840e-03,  5.5786e-04,  8.5480e-04,  1.1673e-03,
        -6.8918e-04, -4.1734e-04, -2.5502e-04, -5.1530e-04,  3.9719e-04,
        -4.6753e-04, -1.0773e-03,  3.1768e-03,  5.7133e-04, -5.6860e-04,
        -2.4650e-03,  1.5105e-03, -1.3146e-03, -2.2447e-03, -7.1585e-04,
        -4.2242e-06, -9.7078e-04,  2.7558e-03,  1.5812e-04,  2.7984e-04,
        -4.2162e-04,  3.5258e-03, -2.1708e-03, -8.3405e-04, -2.8484e-03,
        -1.7762e-03,  1.8016e-03,  5.7890e-04,  1.0496e-03, -9.4976e-04,
         8.7248e-04,  2.4388e-03,  7.4165e-04, -1.7996e-03, -2.4556e-05,
         1.4013e-03, -5.5480e-04, -4.0847e-04, -3.1653e-03, -1.4657e-03,
         1.9129e-03, -2.8373e-03, -5.4723e-04,  7.8287e-04, -3.1564e-03,
         7.2092e-04,  1.6094e-03, -2.1968e-03, -2.0902e-03,  1.4264e-03,
        -3.2799e-03, -2.3670e-03,  1.1688e-03,  3.5098e-03, -1.6204e-03,
         1.2668e-04, -1.0679e-03,  3.7496e-04,  2.4477e-03,  2.5694e-04,
        -5.7551e-04,  1.2788e-03, -1.0539e-03,  1.2042e-04,  4.7802e-03,
        -1.6490e-03, -1.0361e-03, -4.9724e-03, -1.0291e-03,  2.0679e-03,
        -2.3137e-04, -3.4639e-03,  3.1681e-03, -2.5037e-03,  2.2290e-03,
         2.5708e-03, -3.1205e-03,  2.9031e-03,  1.6860e-03, -4.1595e-03,
         1.0707e-03, -1.7955e-03,  2.1497e-03,  2.4265e-03, -1.1014e-03,
         1.1442e-04,  1.0231e-03, -1.4726e-03,  3.9283e-03,  2.9278e-03,
        -2.0195e-03, -3.6085e-03, -1.1644e-03, -3.4427e-03, -1.7190e-03,
        -3.2270e-03, -1.9932e-04, -3.8319e-04,  2.0472e-03,  1.5777e-03,
        -6.7511e-04,  2.5391e-03, -1.2024e-04,  1.3051e-03,  1.7703e-03,
         8.2598e-04,  2.6534e-03,  1.9262e-03,  2.2725e-03,  3.3954e-03,
        -2.2348e-03,  2.3581e-03, -1.7188e-03,  1.8520e-03, -4.1643e-04,
         1.1555e-03,  5.8080e-04,  1.0704e-03, -2.6590e-03,  6.3459e-04,
         1.9313e-03, -1.1662e-03, -7.0907e-04, -1.9698e-04,  2.5724e-04,
         1.3272e-03,  1.7637e-03, -5.2941e-03, -1.2944e-03, -6.9382e-04,
        -2.5067e-03, -3.2267e-03, -3.8188e-03,  6.7020e-04,  1.0524e-03,
        -3.5165e-03,  1.9768e-03,  1.5498e-04, -2.1983e-04,  3.2567e-03,
        -4.9656e-05,  1.2256e-03, -2.0373e-03, -4.4625e-03,  1.7426e-03,
        -1.1893e-03,  2.1740e-03, -4.2239e-03, -1.8726e-03, -1.2739e-04,
         8.3270e-04,  1.0645e-04,  4.5977e-04,  5.2361e-04, -1.0552e-03,
        -6.0324e-04,  2.7837e-03,  4.0499e-04,  6.0919e-04, -5.2049e-04,
         6.1942e-04, -1.1740e-03, -3.6200e-03,  1.6084e-04, -6.8000e-04,
        -2.2553e-03,  3.3085e-04, -1.5604e-03, -1.8105e-03, -6.2699e-04,
         3.0065e-03,  4.1461e-04, -1.0597e-03, -3.1829e-03, -4.3301e-04,
         2.4935e-03, -6.0447e-04, -1.8098e-03, -1.2764e-03,  3.1329e-05,
        -3.8676e-03, -8.6569e-04, -2.3435e-03, -1.3604e-03, -5.2077e-03,
        -1.4979e-03,  1.4175e-03, -4.9724e-04, -1.0188e-04, -1.8784e-03,
         1.7040e-03, -2.0726e-03,  6.9983e-04, -2.6711e-03,  2.1541e-03,
        -2.5344e-04,  3.6483e-04,  2.3886e-03, -1.3001e-03, -1.6547e-03,
         3.3791e-03, -2.4621e-03,  1.2338e-03,  1.1945e-03,  1.0106e-04,
        -1.0664e-03,  2.9418e-03, -8.7856e-04,  1.0029e-04, -3.0820e-03,
        -2.3266e-03, -1.4852e-04,  3.4782e-04, -5.7391e-04, -1.5809e-03,
        -2.5227e-04, -6.7238e-04,  3.8920e-03,  2.2856e-03,  1.5012e-03,
        -1.6106e-03, -1.8070e-03, -3.3476e-04, -7.2630e-04, -1.7283e-03,
        -1.2903e-04,  1.2717e-03, -2.8622e-03, -2.8588e-03,  3.3576e-03,
         2.2756e-03,  2.2740e-03,  2.5266e-03, -1.6699e-03,  9.1015e-04,
         9.5448e-04, -2.9636e-03,  2.7247e-03,  3.6857e-04,  2.2654e-03,
         2.1242e-03,  1.3860e-03, -2.6282e-04])
Cannabinoid receptor 1	tensor([-2.2084e-03, -2.0697e-03, -2.3943e-03,  1.6226e-03, -1.3841e-03,
         2.9506e-03, -1.1815e-03,  2.7889e-03,  1.3616e-03,  1.5918e-03,
        -8.4830e-04,  1.1524e-03,  2.3492e-03,  1.6778e-03, -6.0616e-03,
         1.3096e-03, -3.2250e-04,  1.7834e-03,  3.8407e-03, -3.2832e-03,
        -9.6622e-04, -2.1600e-03,  7.0784e-04,  9.2682e-05,  5.3347e-03,
        -9.0979e-04, -4.2223e-03, -1.2120e-03,  1.8395e-03, -5.3356e-04,
        -8.7868e-04,  1.8573e-03,  3.7923e-03,  3.2366e-04,  1.3750e-03,
        -1.7312e-03, -3.7558e-04,  2.5582e-03,  3.9241e-03, -2.1567e-03,
         8.3800e-04,  1.9795e-03, -1.0642e-03,  1.7402e-03, -8.1762e-04,
        -7.4696e-04,  2.3334e-04, -1.2621e-04,  1.3477e-04, -4.0314e-04,
         1.2669e-03, -1.9249e-04,  6.0999e-04, -2.7740e-03, -1.9199e-03,
         1.4682e-04, -4.0550e-03,  7.6834e-04,  1.2293e-03,  2.9620e-03,
         3.6898e-03,  1.5931e-03,  2.1243e-04, -3.5283e-04, -9.9440e-05,
        -4.4447e-03, -4.7536e-04, -6.0824e-04,  8.8211e-04, -1.3331e-03,
        -2.2562e-03, -3.2044e-03,  1.0759e-03, -1.0577e-03,  1.6106e-03,
         5.9897e-04,  1.0630e-03,  1.1819e-03, -1.5150e-03, -4.5898e-03,
        -2.9728e-03, -2.4451e-04,  1.2163e-04,  2.5655e-03, -7.1112e-05,
        -4.8480e-03,  7.3208e-04,  5.0176e-05,  1.6012e-03, -1.0531e-03,
        -1.3558e-03,  4.7048e-03,  1.3551e-03, -1.1029e-03,  3.4597e-05,
        -5.9653e-03,  5.1495e-03, -2.5237e-03,  9.8364e-04, -1.3130e-03,
        -6.7129e-04,  1.0433e-03, -3.6972e-03,  1.0624e-03, -2.7100e-03,
        -6.9107e-04,  2.9915e-04, -2.5077e-03, -9.7855e-04,  4.8304e-03,
         2.8902e-03, -3.4920e-03, -4.1629e-03,  3.8375e-04, -4.7126e-03,
         3.3514e-03,  3.9320e-03,  4.4606e-04, -2.7479e-03, -2.9145e-03,
        -3.6718e-04, -2.9516e-03, -1.7106e-03,  1.1476e-04, -2.4922e-04,
        -3.2596e-03, -3.3268e-03,  3.6942e-03, -3.1317e-03, -2.7553e-03,
         1.9858e-03,  1.7406e-04, -2.0769e-03, -1.4586e-03,  4.4187e-04,
        -4.9786e-03, -1.2136e-03, -2.1558e-03, -2.1916e-03,  9.1669e-05,
         1.6757e-04,  3.0331e-03,  2.0174e-03,  4.0696e-03, -3.5400e-03,
         1.3660e-03,  1.7515e-03, -1.0289e-04,  1.7192e-03, -1.8738e-04,
        -5.8976e-04, -8.8507e-04, -5.4081e-03, -3.1526e-03,  1.2322e-03,
         5.9973e-04,  3.6416e-03,  1.9891e-03,  2.6419e-03, -1.8794e-03,
         2.9239e-04,  1.5374e-03, -7.9971e-05, -4.3020e-04,  1.2265e-03,
         1.4891e-03, -2.8802e-03, -2.8313e-04, -2.5392e-03, -1.0796e-03,
        -1.1049e-03, -2.4704e-03,  3.5687e-03, -1.8324e-03,  6.6195e-04,
         1.8729e-03,  2.3876e-03, -2.4845e-03,  7.9993e-05,  8.4582e-04,
         1.5390e-03, -4.3104e-03, -7.5754e-05,  7.6274e-05,  2.9749e-03,
         1.6981e-03,  1.7235e-03,  3.2814e-03, -2.7048e-03,  1.5204e-03,
        -1.3957e-03,  1.5306e-03,  3.3676e-03, -4.3955e-04, -1.3472e-03,
         1.2532e-04, -1.0488e-04,  2.6693e-03, -2.8370e-03,  2.2654e-03,
        -1.1880e-03, -1.4190e-03,  9.1559e-05, -2.2253e-03, -1.8940e-03,
         4.1129e-03, -3.9381e-04, -3.7940e-04,  1.6910e-03,  3.6178e-03,
         4.8352e-03,  1.4646e-03, -3.8671e-03,  5.5357e-04, -2.3392e-03,
        -3.5632e-03, -7.6336e-04,  1.4723e-03,  1.7128e-04,  1.1110e-03,
         2.1035e-03,  6.3080e-03, -3.5257e-03,  4.4297e-03, -2.5978e-03,
        -3.1000e-03, -1.8023e-03,  5.1776e-03,  3.4840e-03, -3.1643e-03,
        -1.4535e-03,  1.9100e-03,  2.9342e-04,  5.9551e-04,  2.8434e-04,
         1.1921e-03,  1.3128e-03, -3.6598e-03,  2.0489e-03, -5.4114e-03,
        -1.9168e-03,  1.8614e-03,  3.7662e-04, -1.0842e-03,  3.0162e-03,
        -3.1875e-03,  4.2572e-04,  5.8326e-03,  2.7445e-03,  5.3199e-03,
        -8.7341e-04, -6.6772e-03,  1.9869e-03, -1.8898e-03, -5.9611e-04,
        -1.3758e-04, -4.0387e-03, -2.1477e-03,  3.1467e-03,  2.4635e-03,
        -1.5612e-03,  2.2304e-04,  1.3642e-03, -1.3485e-03, -2.3377e-03,
        -9.2590e-04,  2.6975e-03, -8.9936e-04, -2.1709e-03,  2.3420e-03,
         8.1768e-04, -2.8008e-03, -2.6832e-03,  2.0632e-03, -2.9781e-04,
        -3.5463e-05,  1.8229e-04,  2.0989e-04,  1.9840e-03,  2.8424e-03,
        -1.3789e-03, -3.2723e-03,  1.7369e-03,  9.2535e-04, -7.9745e-04,
        -2.5751e-03,  3.6451e-03,  1.9235e-03,  2.6106e-03,  1.8629e-03,
        -5.4336e-03, -2.7823e-03, -5.7137e-03, -1.6353e-04,  7.0118e-04,
        -4.6837e-03,  1.7007e-03,  3.4156e-04, -2.1755e-03,  3.3889e-04,
         1.6896e-03,  1.0065e-03, -6.5967e-04, -5.9733e-04, -5.2807e-03,
        -1.0462e-03, -5.0449e-04, -1.1646e-03,  1.8993e-03, -1.5717e-03,
         7.2795e-04,  2.8596e-03,  9.6667e-04,  3.1304e-03, -1.1782e-03,
        -1.9807e-03, -2.1910e-03, -1.5975e-03, -1.0703e-03, -1.0151e-03,
         2.5256e-03, -1.9580e-03, -2.9739e-04,  1.6904e-03, -1.7324e-03,
        -2.0998e-03, -4.9510e-04,  4.2143e-03,  2.6812e-03,  1.6858e-03,
        -1.1492e-03, -3.2895e-03, -1.8656e-03, -1.2772e-03, -3.7030e-03,
         6.5405e-03, -3.1334e-03,  2.3045e-04, -4.4542e-03, -5.0577e-04,
        -3.3974e-03, -1.5947e-03, -6.6433e-04, -2.5742e-03, -2.5689e-03,
        -1.3031e-03,  2.7648e-03,  1.7506e-03, -3.2014e-03, -3.1157e-03,
         1.4027e-03, -2.4034e-04, -4.3628e-04,  1.0595e-03, -5.2206e-05,
        -1.6230e-03,  1.0981e-04, -1.5354e-03,  2.6039e-03,  1.7035e-03,
        -3.4378e-03, -4.0073e-04, -2.0601e-03, -4.6275e-03, -1.3424e-03,
         4.0867e-03,  3.2253e-04,  1.8073e-04, -1.0175e-03,  3.0759e-03,
        -1.0604e-03,  2.1600e-03,  1.9989e-04,  4.3806e-04,  1.0150e-03,
        -3.6928e-03, -3.4710e-03,  6.0257e-04,  5.6962e-03, -4.1196e-03,
        -2.5279e-03,  1.2729e-03,  1.6832e-03,  1.1897e-03,  3.1593e-04,
         2.6278e-03,  1.9534e-03, -1.0227e-03,  2.2325e-03,  4.7661e-04,
         4.3098e-04,  1.0639e-03, -1.0811e-03,  5.0736e-03, -4.1773e-03,
         2.8044e-03,  5.4046e-03,  6.5463e-05,  1.7927e-03,  1.7198e-03,
         3.3186e-03,  4.5307e-03,  2.5111e-03, -4.8395e-03, -1.7903e-03,
         6.4210e-05, -3.2019e-03, -4.9231e-04, -1.0816e-03,  3.2761e-03,
        -1.0314e-03, -1.7175e-03, -4.4762e-05, -1.5120e-03,  3.2526e-03,
         1.1345e-03,  8.1558e-04,  2.0440e-03, -1.1547e-03,  6.0468e-04,
         1.2314e-03,  1.7796e-03, -2.9071e-03, -2.3602e-03,  1.7523e-04,
        -4.6006e-03,  3.4288e-03, -1.2145e-03,  1.8400e-03, -1.6301e-03,
        -2.6649e-03, -2.7624e-03, -3.8123e-04, -1.3503e-04,  9.2924e-04,
        -5.3954e-03,  2.2866e-04, -2.6075e-03, -2.8482e-03, -5.9721e-04,
        -3.2147e-03, -2.2041e-03, -2.2439e-03, -8.2813e-04, -3.9985e-03,
        -1.2763e-03,  4.6026e-04, -3.1708e-03,  4.1527e-04,  4.6235e-04,
        -1.8631e-03, -2.7173e-03,  1.0393e-04,  2.3736e-03,  8.4608e-04,
        -3.0017e-04, -8.3795e-04, -1.6490e-03,  4.5170e-04, -7.7287e-04,
        -2.0057e-03,  1.2015e-03, -1.0234e-03, -8.2105e-04,  1.3260e-03,
        -1.6757e-03,  1.9516e-03,  1.0697e-03, -3.0182e-04,  4.6449e-04,
        -1.6235e-06,  1.5526e-03, -1.4694e-03,  9.1857e-05,  9.5862e-04,
        -3.8474e-03, -2.7582e-03,  1.1427e-03, -1.7735e-03, -2.6628e-03,
         3.0312e-03,  1.2581e-04, -4.3747e-03, -1.9776e-03,  1.5462e-03,
        -1.4054e-03, -1.8977e-05,  5.6951e-05, -1.3278e-03,  3.0561e-03,
         2.4164e-03,  2.2683e-03, -6.1818e-04, -1.5362e-03,  1.2013e-03,
         1.7403e-03,  1.3438e-03, -6.8156e-04, -1.3335e-03, -3.2484e-03,
         1.6654e-03,  2.4987e-03, -1.4615e-03,  3.2985e-03,  1.4448e-03,
         4.3831e-03,  4.4365e-03,  1.7958e-03, -1.7004e-04,  1.4785e-03,
        -5.7460e-05,  2.1809e-03,  2.2092e-03,  5.0720e-03,  6.6441e-03,
        -2.5534e-03, -5.9737e-05,  2.1849e-03,  2.8562e-03,  3.6294e-03,
        -8.4828e-04,  1.3326e-04,  9.5224e-06,  1.9600e-03,  1.3184e-03,
        -2.1280e-03, -2.0588e-03,  7.6113e-04,  1.1384e-04,  2.6392e-03,
        -2.8564e-03, -2.9598e-03,  1.4417e-05,  1.1486e-03, -3.1591e-04,
        -4.5887e-03,  2.9551e-03, -1.5891e-03, -2.0341e-03, -2.6812e-03,
         2.2598e-03, -1.4614e-03,  1.8759e-03,  3.6005e-04,  1.8558e-03,
        -1.6273e-03,  5.1887e-03, -3.6153e-03,  1.2487e-03, -8.8262e-04,
        -1.9502e-03,  1.5635e-03,  4.3456e-03, -1.1850e-03, -2.9509e-03,
         2.5682e-03,  1.6472e-03, -1.3789e-04, -2.3061e-03,  2.1116e-03,
         3.1257e-04,  1.5925e-03,  1.6247e-04, -2.7469e-03, -9.7348e-04,
         1.1839e-03, -1.3188e-03,  2.2225e-03,  1.4349e-03, -2.5611e-03,
        -1.9055e-03,  9.0727e-04, -2.4791e-03, -4.0961e-04,  1.6841e-03,
        -1.9164e-03,  2.5231e-03,  1.9514e-03,  5.0926e-03, -4.1056e-04,
         3.1059e-03, -1.8926e-03,  1.6244e-04,  8.9417e-04, -4.4927e-03,
         6.3610e-04,  2.5596e-03,  4.2116e-04,  2.3912e-03,  5.6639e-03,
        -2.3322e-03, -7.7082e-04, -2.4249e-03, -4.4145e-03,  1.8376e-03,
        -5.3990e-04, -7.4187e-04,  8.8718e-04, -1.8296e-03,  4.1418e-03,
         9.2423e-04, -1.9827e-03,  4.6755e-03, -2.4291e-04, -3.2673e-03,
         1.5039e-03, -9.6309e-04,  1.7401e-03,  2.5041e-03, -3.7444e-03,
         4.1360e-04,  8.4382e-04, -1.7070e-03,  4.3567e-03,  2.1185e-03,
        -2.8013e-04, -1.0129e-03,  7.9611e-05, -4.2090e-03, -2.2143e-03,
        -2.3499e-03, -2.4371e-03,  1.1011e-05,  9.1422e-04, -1.2177e-03,
        -1.1529e-03,  1.0449e-03, -3.0791e-03,  1.7640e-03,  3.4737e-03,
         3.9577e-04,  2.6337e-03,  2.8755e-03,  1.0238e-03,  5.2077e-03,
        -2.3554e-03,  2.6236e-03, -1.1892e-03, -2.0202e-03,  2.6042e-04,
         1.4156e-03, -1.2939e-04,  6.4218e-04, -1.2205e-03, -1.6521e-03,
         5.9407e-04, -7.6838e-04, -1.2816e-03, -2.5146e-03, -2.7439e-04,
         1.7548e-03,  2.1519e-03, -4.4895e-03, -1.2436e-03, -1.2766e-03,
        -1.4472e-03, -3.6762e-03, -5.0038e-03,  2.3582e-03, -2.8191e-04,
        -1.3899e-03,  1.5179e-03,  9.4254e-04, -1.1889e-03,  1.0382e-03,
         1.4494e-03, -3.4351e-04, -1.1802e-03, -2.4740e-03,  1.3404e-03,
         2.5369e-04,  4.4756e-03, -4.0718e-03, -1.4308e-03,  5.5263e-03,
         1.0538e-03, -5.5445e-04,  1.5830e-03,  5.9938e-04, -1.9851e-04,
        -1.2470e-03,  3.5969e-03, -1.0132e-03, -4.8901e-04,  3.5393e-04,
        -1.9047e-03, -2.9293e-03, -2.3416e-03, -1.8290e-03, -8.0631e-04,
        -1.6674e-03, -2.6652e-04, -5.0377e-04, -1.0520e-03,  1.2246e-03,
         2.8613e-03,  2.5093e-04, -2.1554e-04, -4.6780e-03,  1.5880e-03,
         1.5828e-03,  9.7631e-04, -2.5021e-03, -2.3648e-03, -2.4144e-04,
        -5.0413e-03, -1.3453e-04, -4.1228e-03,  2.2500e-04, -4.2566e-03,
         3.8759e-04,  2.2361e-04, -2.1923e-03,  5.5689e-04,  9.3394e-04,
         3.8329e-03,  4.0370e-05,  1.8785e-03, -6.6904e-04,  3.0355e-03,
        -5.5359e-05,  1.6649e-03,  1.3538e-03, -3.4884e-04,  4.3056e-04,
         1.6795e-03, -1.6031e-03,  4.3287e-04, -1.2832e-03,  1.2331e-03,
         3.5399e-03,  1.1472e-03, -1.1398e-03, -1.3385e-03, -4.6709e-03,
         3.0213e-05, -1.3203e-03, -1.8758e-03, -1.5571e-03, -2.8621e-03,
         1.0483e-03,  3.0371e-04,  6.8897e-03,  1.4637e-03,  1.8034e-03,
        -2.2025e-03,  2.0733e-03,  2.1424e-03,  1.4980e-03, -4.5744e-03,
        -1.4154e-03,  1.0580e-03, -1.7313e-03, -5.8617e-03,  1.6868e-03,
         2.5281e-03,  2.4612e-03,  1.2968e-03,  1.0349e-03,  1.5794e-03,
         3.9821e-04, -3.2105e-03,  2.1548e-03, -1.4544e-04,  9.2562e-04,
         2.0237e-03,  2.1591e-03,  1.3607e-04])
Histamine H1 receptor	tensor([ 3.1573e-04, -2.9591e-03, -2.5033e-03,  4.6669e-04, -1.0738e-03,
         2.6349e-03, -3.1057e-03,  1.1154e-03,  1.2592e-03, -5.5464e-04,
        -2.4391e-04, -4.6523e-04,  3.4100e-03, -2.6733e-04, -5.0114e-03,
         1.4194e-03,  4.5605e-05,  1.5492e-03,  1.4556e-03, -1.4838e-03,
         9.9364e-04,  7.8531e-05, -1.5507e-03,  3.4590e-04,  1.6387e-03,
        -2.9120e-04,  1.3757e-03, -7.1717e-04,  7.7610e-04,  3.3423e-03,
        -3.6135e-05,  8.7707e-04,  5.4544e-03,  1.3513e-03,  1.5361e-03,
         7.8103e-05, -1.4776e-04, -2.8625e-04,  2.3733e-03,  1.7952e-04,
        -9.9573e-04, -6.6054e-04, -3.4999e-03,  1.6596e-03, -8.2567e-04,
        -1.3671e-03,  7.8798e-04, -8.8142e-05, -1.0773e-03,  1.4154e-03,
        -1.4101e-03, -1.1687e-04,  5.6918e-04, -2.5000e-03, -2.1366e-03,
         4.9043e-04, -3.7483e-03, -1.9027e-03,  9.0073e-04,  1.6446e-03,
        -1.0446e-03,  3.0529e-03,  1.5511e-03,  2.3362e-03,  1.1724e-03,
        -2.6150e-03, -5.0713e-04, -7.4578e-04,  1.5752e-03,  3.2436e-03,
         1.0494e-03, -1.8413e-03, -3.3364e-04,  3.0427e-03,  3.6258e-04,
        -8.3919e-06,  1.7774e-03,  2.3475e-03, -3.1242e-04, -6.3580e-03,
        -1.1117e-03,  1.5138e-04, -1.0894e-03,  1.8008e-03, -8.4853e-04,
        -4.6271e-03,  3.6491e-04,  1.0595e-03,  1.9515e-03, -2.6556e-03,
        -2.4991e-03,  1.8716e-03,  1.0939e-03, -6.2721e-04, -5.0482e-04,
        -3.9179e-03,  3.4345e-03, -1.8593e-03,  1.5922e-03,  8.5892e-05,
        -5.2859e-04,  3.6163e-03, -2.8329e-03,  6.1930e-04, -4.8649e-05,
        -3.5682e-04, -2.3410e-03,  7.3469e-04, -4.9294e-04,  2.2187e-03,
         3.3801e-03, -3.6095e-03, -1.8931e-03,  7.5492e-04, -2.5696e-03,
         1.8766e-03,  6.1863e-04,  7.0690e-04, -1.2852e-03, -1.8842e-03,
        -8.3713e-04, -3.5904e-03, -2.1529e-04,  1.2295e-03, -4.7607e-04,
        -8.2760e-04, -1.8967e-03,  3.2973e-03,  5.2487e-04, -4.0017e-03,
        -7.9271e-04, -1.8300e-03, -1.1951e-03, -2.1274e-03, -1.1011e-04,
        -1.9866e-04, -2.0184e-03, -1.5666e-03, -1.2091e-03,  1.1476e-04,
        -3.0012e-03,  4.3894e-03,  3.0053e-03,  1.7658e-03, -1.1245e-03,
         1.5974e-03, -3.4146e-04,  8.1807e-04,  3.8246e-04,  1.0313e-03,
        -1.3451e-03, -1.0731e-04, -4.2265e-03, -1.1100e-03, -1.8431e-04,
         2.5110e-03,  2.5043e-03,  1.7801e-04, -1.1654e-04,  1.4589e-03,
        -1.0926e-03,  1.8644e-03,  3.4086e-04, -7.7710e-04, -1.4402e-05,
         8.1057e-04, -2.4815e-03,  3.1740e-03, -1.0821e-03, -3.0909e-04,
        -3.7127e-03, -7.0386e-06,  8.2714e-04, -7.4876e-05, -7.6825e-04,
         7.1158e-04,  7.8883e-04, -2.2934e-03,  2.4467e-03,  1.5618e-03,
        -5.4502e-04, -2.4549e-03, -2.9623e-04,  7.7974e-04,  3.0260e-03,
         1.4395e-04, -3.3406e-04,  1.7815e-03, -4.3372e-03,  8.6788e-04,
         4.6199e-04,  3.3100e-04,  1.2397e-03,  2.1645e-04, -3.1357e-03,
        -8.2431e-04,  6.1957e-04, -4.4856e-04,  4.1891e-04,  3.6432e-03,
        -7.5206e-04, -1.3467e-04,  2.4981e-03, -3.0628e-03,  5.5052e-04,
         2.6519e-03,  6.1941e-04,  7.1959e-04,  6.0832e-04,  5.0018e-03,
         2.3275e-03,  5.6721e-04, -2.9616e-03, -7.8851e-04, -3.1441e-04,
        -2.7171e-03, -9.0629e-04,  2.4979e-03, -9.9630e-04,  9.1369e-04,
         2.1956e-03,  2.4990e-03,  1.9373e-04,  2.0819e-03, -2.2020e-03,
        -2.6938e-03, -2.2217e-03,  4.7668e-03,  8.7803e-05, -4.6334e-04,
         7.0089e-04,  2.3430e-03, -1.2366e-03,  3.7168e-03,  7.7298e-04,
         2.9768e-03,  2.4712e-03, -2.4011e-03,  3.5015e-03, -4.2546e-03,
        -1.8353e-03, -9.5643e-04,  1.4804e-03,  1.6495e-03,  2.6399e-03,
        -2.6303e-03,  1.0229e-03,  3.9540e-03,  9.7898e-04,  4.3096e-04,
         1.0271e-03, -5.1030e-03,  3.5092e-03, -3.6914e-03, -1.1171e-03,
        -3.8359e-03, -6.5413e-04, -1.1649e-03, -1.5336e-04,  8.9079e-05,
        -4.6205e-04, -4.6179e-04,  3.1319e-03, -1.9590e-03, -1.2168e-03,
        -1.7745e-03,  2.2180e-03, -1.9413e-03, -1.8778e-03,  3.1230e-03,
         2.8097e-04, -1.6605e-03, -3.3862e-03,  4.9892e-03, -1.4382e-04,
         4.7973e-04,  4.0638e-04,  3.7541e-04,  1.7405e-03,  3.8434e-03,
        -4.2832e-04, -2.8532e-03, -2.3585e-04,  3.6188e-04, -5.8236e-05,
        -5.9727e-04,  2.4641e-03, -2.2614e-04,  3.3227e-03, -6.2047e-05,
        -2.4524e-03, -3.8417e-03, -2.3686e-03,  1.1687e-03, -4.1271e-04,
        -5.5225e-03, -1.6725e-03, -4.2645e-04, -7.2455e-04, -8.4305e-04,
         2.1022e-03,  1.5966e-03, -2.3228e-03, -4.7612e-04, -5.0451e-03,
         4.7244e-04, -1.1865e-03,  1.4305e-03,  8.3043e-04, -5.5999e-05,
        -7.8196e-04,  1.0070e-03, -4.9417e-04,  2.6730e-03, -2.7026e-03,
        -7.9478e-04, -4.4457e-04, -3.4984e-04, -3.0498e-03, -2.5134e-03,
         8.5497e-04, -1.3859e-03, -1.0078e-03,  1.6796e-03, -3.5132e-03,
        -9.2880e-04, -3.7060e-04,  4.5705e-03,  4.8538e-03, -1.8261e-03,
         8.9768e-04, -2.0300e-03, -3.1902e-03,  2.8910e-03, -1.7388e-03,
         7.6521e-03,  7.9929e-04, -3.2542e-04, -4.7782e-03, -1.8591e-04,
         7.6445e-04,  1.2226e-04, -1.5550e-03, -3.0838e-03, -2.4078e-03,
         8.6183e-04,  1.5019e-03,  9.7988e-04, -2.9990e-04, -1.9627e-03,
         7.5543e-05, -9.4210e-04,  1.8607e-03,  5.9227e-04,  1.1096e-03,
         1.9510e-04, -1.1681e-03,  8.2295e-04,  1.2942e-03, -4.6184e-04,
        -9.9106e-04, -4.5582e-04,  1.0103e-03, -5.8235e-03,  5.1077e-04,
         2.3454e-03, -5.5520e-05,  1.4535e-03, -4.3490e-04,  2.4734e-03,
        -1.4266e-04,  4.8380e-03, -1.5854e-03,  8.2178e-04,  2.0632e-03,
        -1.1820e-03, -3.5657e-03,  7.7921e-04,  4.8370e-03, -5.5871e-03,
        -2.6905e-03,  7.9557e-04,  3.0103e-03,  2.7362e-03,  5.5421e-04,
         1.3204e-03,  1.3058e-03, -2.3589e-03,  2.5488e-03, -1.4116e-03,
        -1.9422e-03,  1.7094e-04, -7.2823e-04,  2.0305e-03, -1.4376e-03,
         1.2029e-03,  3.8184e-03, -1.9783e-03, -1.0261e-03, -1.0653e-03,
         3.3421e-03,  3.5939e-03,  5.5257e-03, -2.9600e-03, -1.3034e-03,
        -5.7042e-04,  9.9500e-05,  2.2492e-04, -3.7248e-03,  2.0500e-03,
        -1.7754e-04, -1.3437e-03,  1.0856e-03, -3.1824e-04,  1.3150e-03,
         3.7104e-04, -6.5463e-04,  2.0679e-03, -1.2046e-03, -1.8487e-03,
         5.1427e-04,  3.3079e-03, -1.6629e-03,  4.2312e-04, -8.4844e-04,
        -1.1658e-03, -1.7101e-03, -3.6904e-03,  6.3244e-04, -1.4375e-03,
        -1.6453e-03, -2.6825e-03,  7.1687e-04, -6.0917e-04, -4.2093e-04,
        -3.9150e-03,  2.4422e-03, -2.5062e-03, -2.7702e-03,  8.9822e-04,
        -2.1795e-03, -1.6645e-03, -1.9224e-03,  1.3197e-03, -4.8018e-03,
        -1.1297e-03, -1.3340e-03,  1.1637e-03,  7.5258e-04, -2.2344e-04,
        -2.3710e-03, -3.7370e-03, -1.5215e-03,  1.5133e-03, -1.7770e-03,
        -9.3060e-05,  1.1660e-03,  2.2951e-03, -2.9465e-03,  3.4875e-05,
         6.8070e-04,  2.4234e-03, -3.2951e-03, -6.5159e-04, -1.9627e-04,
        -1.2068e-03,  3.0820e-04,  1.0959e-03, -4.6017e-05, -2.0743e-03,
        -1.3663e-03,  5.5497e-04,  1.1537e-03, -1.1195e-03,  9.1210e-04,
        -8.6346e-04, -3.6500e-03,  2.6752e-03, -3.0019e-03, -3.6545e-03,
         1.2611e-03, -3.2061e-03, -2.0958e-03,  1.2214e-03,  1.6518e-03,
         1.7042e-03, -2.8793e-04,  8.6757e-04, -3.4609e-04,  2.0943e-03,
         2.7080e-03, -1.6985e-04, -1.6782e-03, -1.7018e-03,  2.1211e-03,
         3.6615e-03,  2.5651e-03, -2.0579e-04, -6.0951e-04, -9.2131e-04,
         2.0081e-03,  1.3959e-05, -1.0056e-03,  3.5605e-03, -2.2896e-04,
         1.9237e-03,  3.0774e-03,  2.6222e-03,  6.3057e-04,  6.6265e-04,
        -8.8468e-04,  1.2087e-03, -1.1360e-04,  3.1556e-03,  3.3432e-03,
         8.1935e-04, -5.6134e-05,  2.1853e-03,  2.9442e-03,  1.7473e-03,
        -9.8136e-04, -2.1464e-03,  2.2634e-03,  1.7688e-03,  2.0701e-03,
         2.4156e-04, -4.5869e-03,  7.1655e-04,  1.4528e-03,  9.8396e-04,
        -1.4754e-03, -1.7598e-03,  1.5800e-04, -4.3057e-04, -4.6759e-04,
        -2.4230e-03,  2.5828e-03, -2.5349e-03, -3.7485e-03, -1.5658e-03,
         4.6069e-04, -8.8645e-04,  8.4101e-04,  2.1050e-03, -1.0482e-05,
        -1.7538e-03,  5.8444e-03,  5.3670e-04,  1.9242e-03, -2.1188e-03,
        -2.8655e-03,  3.8980e-04,  4.5376e-04,  2.4989e-04, -1.3237e-03,
         1.1476e-03,  1.2917e-03,  1.1150e-03, -5.1462e-04, -9.3480e-04,
         1.4216e-04,  1.5060e-04, -1.7773e-03, -3.6165e-03,  4.5837e-04,
        -3.4874e-04, -3.9502e-03, -1.2667e-04,  4.6628e-04, -3.0489e-03,
         1.4502e-03, -1.7644e-03, -4.0634e-03, -2.6245e-03,  1.2296e-03,
        -3.2996e-03,  4.0575e-04,  5.1567e-03,  3.6505e-03,  7.6019e-04,
         8.8653e-04, -2.5285e-03, -1.1141e-03,  1.8486e-03, -3.8792e-03,
         3.6837e-04,  1.3277e-03, -3.9749e-04,  2.2779e-03,  5.2836e-03,
        -2.3281e-03,  1.7568e-03, -3.0582e-03, -3.2535e-03,  1.4576e-03,
        -6.2086e-05, -2.9265e-05,  2.2416e-03, -3.1470e-03, -1.3954e-06,
         2.7824e-03, -1.1514e-03,  3.3524e-03,  4.8515e-04, -2.7045e-03,
        -4.5249e-04, -1.4092e-03,  2.1322e-03,  3.3037e-03, -1.0145e-03,
        -1.7660e-03,  4.1852e-03, -7.3605e-04,  1.3847e-04,  1.9284e-03,
        -1.4128e-03, -2.4282e-03, -7.7574e-04, -1.3886e-03, -2.0789e-03,
        -3.0328e-03, -2.2384e-03,  7.7393e-04,  2.1231e-04, -6.6656e-04,
        -1.4529e-03,  3.0684e-03, -9.8737e-04, -8.6064e-04,  1.7315e-03,
         2.2069e-04,  2.9713e-03,  1.8621e-03,  3.2946e-03,  3.7126e-03,
        -1.4404e-04,  2.1508e-03, -2.9160e-03,  1.0135e-03, -1.2330e-03,
         2.3906e-03, -1.0874e-03,  2.1198e-05,  2.1227e-04, -3.5006e-04,
         9.4218e-04,  1.4141e-04, -2.1349e-03, -3.4360e-04, -2.2444e-03,
         2.6800e-03,  1.3845e-03, -1.4203e-03, -2.1957e-03,  1.0203e-03,
        -1.6029e-03, -4.0331e-03, -2.8351e-03,  2.0851e-03, -1.9016e-03,
        -3.0003e-03,  2.1961e-03,  1.4214e-03,  6.7342e-04,  2.4187e-03,
        -1.6451e-03, -3.2033e-03, -2.5993e-03, -2.6525e-03,  3.5000e-03,
         2.4423e-04,  2.2986e-03, -3.0968e-03,  2.0438e-03,  1.0701e-03,
         9.1766e-04, -1.0546e-03,  1.0575e-03,  2.2411e-03, -1.0044e-03,
         1.2798e-03,  2.9030e-03, -7.3095e-04,  9.6534e-04, -1.6072e-03,
        -1.8645e-03, -1.3294e-03, -1.5044e-03, -1.0573e-03,  1.9148e-03,
        -1.2784e-03, -2.0948e-03,  3.5951e-04, -1.3402e-03, -1.4791e-03,
         1.2423e-03,  2.6572e-03, -1.2964e-03, -1.8062e-03,  7.9771e-04,
         2.7348e-04, -4.4494e-04, -2.5581e-03, -1.7035e-03, -1.3270e-04,
        -4.3299e-03, -8.7674e-04, -3.4229e-03, -3.0601e-03, -3.3797e-03,
        -1.1383e-03,  1.3696e-03, -1.2665e-03,  6.8811e-04, -3.1165e-03,
         3.6181e-03, -2.4781e-03,  1.3356e-03,  1.2416e-03,  1.1461e-03,
        -1.4463e-04,  1.6167e-03, -1.1233e-03,  4.6894e-04,  4.3345e-04,
         8.5041e-04, -3.2855e-04,  1.2954e-03, -9.2980e-04, -6.3964e-04,
        -1.8976e-04, -5.3754e-04, -2.1309e-03,  6.2774e-04, -3.5809e-03,
        -2.8576e-03, -2.2434e-03, -1.3014e-04,  2.1519e-04, -1.2568e-03,
         7.8262e-04,  3.7562e-04,  5.0249e-03,  3.1154e-04, -2.9227e-04,
        -2.0631e-03,  6.4996e-04,  2.6354e-03, -2.3945e-03,  1.3907e-03,
         7.1390e-05,  1.2616e-05, -2.0352e-03, -4.1401e-03,  2.4679e-03,
         3.8090e-03,  1.6926e-03,  2.8333e-04, -4.4429e-03,  8.8703e-04,
         8.9260e-04, -2.8005e-03,  1.8209e-03,  7.5558e-05,  1.2828e-03,
         3.0856e-04,  4.4093e-03, -1.6390e-04])
Histamine H2 receptor	tensor([ 3.1573e-04, -2.9591e-03, -2.5033e-03,  4.6669e-04, -1.0738e-03,
         2.6349e-03, -3.1057e-03,  1.1154e-03,  1.2592e-03, -5.5464e-04,
        -2.4391e-04, -4.6523e-04,  3.4100e-03, -2.6733e-04, -5.0114e-03,
         1.4194e-03,  4.5605e-05,  1.5492e-03,  1.4556e-03, -1.4838e-03,
         9.9364e-04,  7.8531e-05, -1.5507e-03,  3.4590e-04,  1.6387e-03,
        -2.9120e-04,  1.3757e-03, -7.1717e-04,  7.7610e-04,  3.3423e-03,
        -3.6135e-05,  8.7707e-04,  5.4544e-03,  1.3513e-03,  1.5361e-03,
         7.8103e-05, -1.4776e-04, -2.8625e-04,  2.3733e-03,  1.7952e-04,
        -9.9573e-04, -6.6054e-04, -3.4999e-03,  1.6596e-03, -8.2567e-04,
        -1.3671e-03,  7.8798e-04, -8.8142e-05, -1.0773e-03,  1.4154e-03,
        -1.4101e-03, -1.1687e-04,  5.6918e-04, -2.5000e-03, -2.1366e-03,
         4.9043e-04, -3.7483e-03, -1.9027e-03,  9.0073e-04,  1.6446e-03,
        -1.0446e-03,  3.0529e-03,  1.5511e-03,  2.3362e-03,  1.1724e-03,
        -2.6150e-03, -5.0713e-04, -7.4578e-04,  1.5752e-03,  3.2436e-03,
         1.0494e-03, -1.8413e-03, -3.3364e-04,  3.0427e-03,  3.6258e-04,
        -8.3919e-06,  1.7774e-03,  2.3475e-03, -3.1242e-04, -6.3580e-03,
        -1.1117e-03,  1.5138e-04, -1.0894e-03,  1.8008e-03, -8.4853e-04,
        -4.6271e-03,  3.6491e-04,  1.0595e-03,  1.9515e-03, -2.6556e-03,
        -2.4991e-03,  1.8716e-03,  1.0939e-03, -6.2721e-04, -5.0482e-04,
        -3.9179e-03,  3.4345e-03, -1.8593e-03,  1.5922e-03,  8.5892e-05,
        -5.2859e-04,  3.6163e-03, -2.8329e-03,  6.1930e-04, -4.8649e-05,
        -3.5682e-04, -2.3410e-03,  7.3469e-04, -4.9294e-04,  2.2187e-03,
         3.3801e-03, -3.6095e-03, -1.8931e-03,  7.5492e-04, -2.5696e-03,
         1.8766e-03,  6.1863e-04,  7.0690e-04, -1.2852e-03, -1.8842e-03,
        -8.3713e-04, -3.5904e-03, -2.1529e-04,  1.2295e-03, -4.7607e-04,
        -8.2760e-04, -1.8967e-03,  3.2973e-03,  5.2487e-04, -4.0017e-03,
        -7.9271e-04, -1.8300e-03, -1.1951e-03, -2.1274e-03, -1.1011e-04,
        -1.9866e-04, -2.0184e-03, -1.5666e-03, -1.2091e-03,  1.1476e-04,
        -3.0012e-03,  4.3894e-03,  3.0053e-03,  1.7658e-03, -1.1245e-03,
         1.5974e-03, -3.4146e-04,  8.1807e-04,  3.8246e-04,  1.0313e-03,
        -1.3451e-03, -1.0731e-04, -4.2265e-03, -1.1100e-03, -1.8431e-04,
         2.5110e-03,  2.5043e-03,  1.7801e-04, -1.1654e-04,  1.4589e-03,
        -1.0926e-03,  1.8644e-03,  3.4086e-04, -7.7710e-04, -1.4402e-05,
         8.1057e-04, -2.4815e-03,  3.1740e-03, -1.0821e-03, -3.0909e-04,
        -3.7127e-03, -7.0386e-06,  8.2714e-04, -7.4876e-05, -7.6825e-04,
         7.1158e-04,  7.8883e-04, -2.2934e-03,  2.4467e-03,  1.5618e-03,
        -5.4502e-04, -2.4549e-03, -2.9623e-04,  7.7974e-04,  3.0260e-03,
         1.4395e-04, -3.3406e-04,  1.7815e-03, -4.3372e-03,  8.6788e-04,
         4.6199e-04,  3.3100e-04,  1.2397e-03,  2.1645e-04, -3.1357e-03,
        -8.2431e-04,  6.1957e-04, -4.4856e-04,  4.1891e-04,  3.6432e-03,
        -7.5206e-04, -1.3467e-04,  2.4981e-03, -3.0628e-03,  5.5052e-04,
         2.6519e-03,  6.1941e-04,  7.1959e-04,  6.0832e-04,  5.0018e-03,
         2.3275e-03,  5.6721e-04, -2.9616e-03, -7.8851e-04, -3.1441e-04,
        -2.7171e-03, -9.0629e-04,  2.4979e-03, -9.9630e-04,  9.1369e-04,
         2.1956e-03,  2.4990e-03,  1.9373e-04,  2.0819e-03, -2.2020e-03,
        -2.6938e-03, -2.2217e-03,  4.7668e-03,  8.7803e-05, -4.6334e-04,
         7.0089e-04,  2.3430e-03, -1.2366e-03,  3.7168e-03,  7.7298e-04,
         2.9768e-03,  2.4712e-03, -2.4011e-03,  3.5015e-03, -4.2546e-03,
        -1.8353e-03, -9.5643e-04,  1.4804e-03,  1.6495e-03,  2.6399e-03,
        -2.6303e-03,  1.0229e-03,  3.9540e-03,  9.7898e-04,  4.3096e-04,
         1.0271e-03, -5.1030e-03,  3.5092e-03, -3.6914e-03, -1.1171e-03,
        -3.8359e-03, -6.5413e-04, -1.1649e-03, -1.5336e-04,  8.9079e-05,
        -4.6205e-04, -4.6179e-04,  3.1319e-03, -1.9590e-03, -1.2168e-03,
        -1.7745e-03,  2.2180e-03, -1.9413e-03, -1.8778e-03,  3.1230e-03,
         2.8097e-04, -1.6605e-03, -3.3862e-03,  4.9892e-03, -1.4382e-04,
         4.7973e-04,  4.0638e-04,  3.7541e-04,  1.7405e-03,  3.8434e-03,
        -4.2832e-04, -2.8532e-03, -2.3585e-04,  3.6188e-04, -5.8236e-05,
        -5.9727e-04,  2.4641e-03, -2.2614e-04,  3.3227e-03, -6.2047e-05,
        -2.4524e-03, -3.8417e-03, -2.3686e-03,  1.1687e-03, -4.1271e-04,
        -5.5225e-03, -1.6725e-03, -4.2645e-04, -7.2455e-04, -8.4305e-04,
         2.1022e-03,  1.5966e-03, -2.3228e-03, -4.7612e-04, -5.0451e-03,
         4.7244e-04, -1.1865e-03,  1.4305e-03,  8.3043e-04, -5.5999e-05,
        -7.8196e-04,  1.0070e-03, -4.9417e-04,  2.6730e-03, -2.7026e-03,
        -7.9478e-04, -4.4457e-04, -3.4984e-04, -3.0498e-03, -2.5134e-03,
         8.5497e-04, -1.3859e-03, -1.0078e-03,  1.6796e-03, -3.5132e-03,
        -9.2880e-04, -3.7060e-04,  4.5705e-03,  4.8538e-03, -1.8261e-03,
         8.9768e-04, -2.0300e-03, -3.1902e-03,  2.8910e-03, -1.7388e-03,
         7.6521e-03,  7.9929e-04, -3.2542e-04, -4.7782e-03, -1.8591e-04,
         7.6445e-04,  1.2226e-04, -1.5550e-03, -3.0838e-03, -2.4078e-03,
         8.6183e-04,  1.5019e-03,  9.7988e-04, -2.9990e-04, -1.9627e-03,
         7.5543e-05, -9.4210e-04,  1.8607e-03,  5.9227e-04,  1.1096e-03,
         1.9510e-04, -1.1681e-03,  8.2295e-04,  1.2942e-03, -4.6184e-04,
        -9.9106e-04, -4.5582e-04,  1.0103e-03, -5.8235e-03,  5.1077e-04,
         2.3454e-03, -5.5520e-05,  1.4535e-03, -4.3490e-04,  2.4734e-03,
        -1.4266e-04,  4.8380e-03, -1.5854e-03,  8.2178e-04,  2.0632e-03,
        -1.1820e-03, -3.5657e-03,  7.7921e-04,  4.8370e-03, -5.5871e-03,
        -2.6905e-03,  7.9557e-04,  3.0103e-03,  2.7362e-03,  5.5421e-04,
         1.3204e-03,  1.3058e-03, -2.3589e-03,  2.5488e-03, -1.4116e-03,
        -1.9422e-03,  1.7094e-04, -7.2823e-04,  2.0305e-03, -1.4376e-03,
         1.2029e-03,  3.8184e-03, -1.9783e-03, -1.0261e-03, -1.0653e-03,
         3.3421e-03,  3.5939e-03,  5.5257e-03, -2.9600e-03, -1.3034e-03,
        -5.7042e-04,  9.9500e-05,  2.2492e-04, -3.7248e-03,  2.0500e-03,
        -1.7754e-04, -1.3437e-03,  1.0856e-03, -3.1824e-04,  1.3150e-03,
         3.7104e-04, -6.5463e-04,  2.0679e-03, -1.2046e-03, -1.8487e-03,
         5.1427e-04,  3.3079e-03, -1.6629e-03,  4.2312e-04, -8.4844e-04,
        -1.1658e-03, -1.7101e-03, -3.6904e-03,  6.3244e-04, -1.4375e-03,
        -1.6453e-03, -2.6825e-03,  7.1687e-04, -6.0917e-04, -4.2093e-04,
        -3.9150e-03,  2.4422e-03, -2.5062e-03, -2.7702e-03,  8.9822e-04,
        -2.1795e-03, -1.6645e-03, -1.9224e-03,  1.3197e-03, -4.8018e-03,
        -1.1297e-03, -1.3340e-03,  1.1637e-03,  7.5258e-04, -2.2344e-04,
        -2.3710e-03, -3.7370e-03, -1.5215e-03,  1.5133e-03, -1.7770e-03,
        -9.3060e-05,  1.1660e-03,  2.2951e-03, -2.9465e-03,  3.4875e-05,
         6.8070e-04,  2.4234e-03, -3.2951e-03, -6.5159e-04, -1.9627e-04,
        -1.2068e-03,  3.0820e-04,  1.0959e-03, -4.6017e-05, -2.0743e-03,
        -1.3663e-03,  5.5497e-04,  1.1537e-03, -1.1195e-03,  9.1210e-04,
        -8.6346e-04, -3.6500e-03,  2.6752e-03, -3.0019e-03, -3.6545e-03,
         1.2611e-03, -3.2061e-03, -2.0958e-03,  1.2214e-03,  1.6518e-03,
         1.7042e-03, -2.8793e-04,  8.6757e-04, -3.4609e-04,  2.0943e-03,
         2.7080e-03, -1.6985e-04, -1.6782e-03, -1.7018e-03,  2.1211e-03,
         3.6615e-03,  2.5651e-03, -2.0579e-04, -6.0951e-04, -9.2131e-04,
         2.0081e-03,  1.3959e-05, -1.0056e-03,  3.5605e-03, -2.2896e-04,
         1.9237e-03,  3.0774e-03,  2.6222e-03,  6.3057e-04,  6.6265e-04,
        -8.8468e-04,  1.2087e-03, -1.1360e-04,  3.1556e-03,  3.3432e-03,
         8.1935e-04, -5.6134e-05,  2.1853e-03,  2.9442e-03,  1.7473e-03,
        -9.8136e-04, -2.1464e-03,  2.2634e-03,  1.7688e-03,  2.0701e-03,
         2.4156e-04, -4.5869e-03,  7.1655e-04,  1.4528e-03,  9.8396e-04,
        -1.4754e-03, -1.7598e-03,  1.5800e-04, -4.3057e-04, -4.6759e-04,
        -2.4230e-03,  2.5828e-03, -2.5349e-03, -3.7485e-03, -1.5658e-03,
         4.6069e-04, -8.8645e-04,  8.4101e-04,  2.1050e-03, -1.0482e-05,
        -1.7538e-03,  5.8444e-03,  5.3670e-04,  1.9242e-03, -2.1188e-03,
        -2.8655e-03,  3.8980e-04,  4.5376e-04,  2.4989e-04, -1.3237e-03,
         1.1476e-03,  1.2917e-03,  1.1150e-03, -5.1462e-04, -9.3480e-04,
         1.4216e-04,  1.5060e-04, -1.7773e-03, -3.6165e-03,  4.5837e-04,
        -3.4874e-04, -3.9502e-03, -1.2667e-04,  4.6628e-04, -3.0489e-03,
         1.4502e-03, -1.7644e-03, -4.0634e-03, -2.6245e-03,  1.2296e-03,
        -3.2996e-03,  4.0575e-04,  5.1567e-03,  3.6505e-03,  7.6019e-04,
         8.8653e-04, -2.5285e-03, -1.1141e-03,  1.8486e-03, -3.8792e-03,
         3.6837e-04,  1.3277e-03, -3.9749e-04,  2.2779e-03,  5.2836e-03,
        -2.3281e-03,  1.7568e-03, -3.0582e-03, -3.2535e-03,  1.4576e-03,
        -6.2086e-05, -2.9265e-05,  2.2416e-03, -3.1470e-03, -1.3954e-06,
         2.7824e-03, -1.1514e-03,  3.3524e-03,  4.8515e-04, -2.7045e-03,
        -4.5249e-04, -1.4092e-03,  2.1322e-03,  3.3037e-03, -1.0145e-03,
        -1.7660e-03,  4.1852e-03, -7.3605e-04,  1.3847e-04,  1.9284e-03,
        -1.4128e-03, -2.4282e-03, -7.7574e-04, -1.3886e-03, -2.0789e-03,
        -3.0328e-03, -2.2384e-03,  7.7393e-04,  2.1231e-04, -6.6656e-04,
        -1.4529e-03,  3.0684e-03, -9.8737e-04, -8.6064e-04,  1.7315e-03,
         2.2069e-04,  2.9713e-03,  1.8621e-03,  3.2946e-03,  3.7126e-03,
        -1.4404e-04,  2.1508e-03, -2.9160e-03,  1.0135e-03, -1.2330e-03,
         2.3906e-03, -1.0874e-03,  2.1198e-05,  2.1227e-04, -3.5006e-04,
         9.4218e-04,  1.4141e-04, -2.1349e-03, -3.4360e-04, -2.2444e-03,
         2.6800e-03,  1.3845e-03, -1.4203e-03, -2.1957e-03,  1.0203e-03,
        -1.6029e-03, -4.0331e-03, -2.8351e-03,  2.0851e-03, -1.9016e-03,
        -3.0003e-03,  2.1961e-03,  1.4214e-03,  6.7342e-04,  2.4187e-03,
        -1.6451e-03, -3.2033e-03, -2.5993e-03, -2.6525e-03,  3.5000e-03,
         2.4423e-04,  2.2986e-03, -3.0968e-03,  2.0438e-03,  1.0701e-03,
         9.1766e-04, -1.0546e-03,  1.0575e-03,  2.2411e-03, -1.0044e-03,
         1.2798e-03,  2.9030e-03, -7.3095e-04,  9.6534e-04, -1.6072e-03,
        -1.8645e-03, -1.3294e-03, -1.5044e-03, -1.0573e-03,  1.9148e-03,
        -1.2784e-03, -2.0948e-03,  3.5951e-04, -1.3402e-03, -1.4791e-03,
         1.2423e-03,  2.6572e-03, -1.2964e-03, -1.8062e-03,  7.9771e-04,
         2.7348e-04, -4.4494e-04, -2.5581e-03, -1.7035e-03, -1.3270e-04,
        -4.3299e-03, -8.7674e-04, -3.4229e-03, -3.0601e-03, -3.3797e-03,
        -1.1383e-03,  1.3696e-03, -1.2665e-03,  6.8811e-04, -3.1165e-03,
         3.6181e-03, -2.4781e-03,  1.3356e-03,  1.2416e-03,  1.1461e-03,
        -1.4463e-04,  1.6167e-03, -1.1233e-03,  4.6894e-04,  4.3345e-04,
         8.5041e-04, -3.2855e-04,  1.2954e-03, -9.2980e-04, -6.3964e-04,
        -1.8976e-04, -5.3754e-04, -2.1309e-03,  6.2774e-04, -3.5809e-03,
        -2.8576e-03, -2.2434e-03, -1.3014e-04,  2.1519e-04, -1.2568e-03,
         7.8262e-04,  3.7562e-04,  5.0249e-03,  3.1154e-04, -2.9227e-04,
        -2.0631e-03,  6.4996e-04,  2.6354e-03, -2.3945e-03,  1.3907e-03,
         7.1390e-05,  1.2616e-05, -2.0352e-03, -4.1401e-03,  2.4679e-03,
         3.8090e-03,  1.6926e-03,  2.8333e-04, -4.4429e-03,  8.8703e-04,
         8.9260e-04, -2.8005e-03,  1.8209e-03,  7.5558e-05,  1.2828e-03,
         3.0856e-04,  4.4093e-03, -1.6390e-04])
Cysteinyl leukotriene receptor 2	tensor([ 1.2543e-03, -2.6385e-03, -1.5770e-03, -1.6065e-03, -9.9532e-04,
         2.9177e-03,  8.8974e-04, -2.1930e-04, -1.1209e-03,  1.8779e-03,
        -4.1276e-03,  1.5979e-03,  3.5258e-03,  9.7865e-04, -3.1498e-03,
         2.3866e-03, -1.8292e-03,  1.0794e-06,  1.8913e-03, -3.4036e-03,
        -1.4038e-03,  5.8173e-04, -1.0899e-03,  7.8959e-04,  3.5114e-03,
         1.0185e-03,  6.8990e-04, -1.3794e-03,  1.9204e-03, -3.0220e-04,
        -2.4520e-03,  4.6952e-04,  5.5522e-03,  1.5731e-04,  3.0899e-03,
        -4.2158e-04,  1.0487e-03,  2.3654e-03,  4.4642e-03,  9.1700e-04,
        -1.3408e-03,  1.2788e-03, -1.8968e-03,  2.6478e-03,  1.5292e-03,
        -8.1085e-04,  1.5536e-03, -1.1966e-03, -6.9553e-04,  1.5290e-03,
         1.0827e-03,  9.4995e-04,  1.9169e-03, -4.0101e-03, -1.3693e-03,
         1.3132e-03, -5.6785e-03, -1.4909e-03,  5.3053e-04,  1.9048e-03,
         2.4457e-03, -5.3333e-04,  2.3252e-04,  5.9007e-04, -2.0577e-03,
        -4.4182e-03, -2.2079e-03, -2.6396e-03,  2.5688e-03, -1.2361e-03,
        -1.7497e-03, -4.6266e-03, -1.9529e-03, -3.5284e-04,  1.9922e-04,
        -7.3539e-04,  3.4330e-03, -5.5880e-04, -3.1006e-03, -7.0022e-03,
         1.2595e-03,  3.9547e-04, -3.7512e-05,  1.6812e-03, -1.8774e-03,
        -4.5817e-03,  2.5384e-03,  3.7581e-04, -1.3743e-04, -4.2542e-03,
        -4.3597e-03,  2.2428e-03,  2.5499e-03, -2.1234e-03,  1.4169e-03,
        -3.2239e-03,  7.4460e-03, -4.0587e-03,  2.3914e-03, -3.2200e-07,
        -3.4826e-03,  5.2379e-04, -5.2558e-03,  2.6942e-03, -1.4122e-03,
         6.8168e-04, -1.9006e-03, -6.7184e-04, -2.2381e-03,  2.9449e-03,
         4.0183e-03, -3.9575e-03, -4.0799e-03,  2.2489e-03, -3.5510e-03,
         1.1735e-03,  3.5600e-03,  2.6756e-05,  2.4162e-04, -3.5454e-03,
        -2.9055e-04, -2.0457e-03, -4.9855e-05,  1.5568e-03,  1.5368e-03,
        -2.5201e-04, -3.0673e-03,  4.7121e-03, -3.3068e-03, -4.5871e-03,
         9.5729e-04,  1.2474e-04, -2.8262e-03, -3.4487e-04,  2.1263e-04,
        -2.9865e-03, -1.0309e-03, -2.8591e-03, -4.3230e-03,  1.9202e-03,
        -1.3955e-03,  2.6112e-03,  2.9163e-03,  5.1344e-03, -4.7783e-03,
         2.7565e-03,  1.2667e-03,  6.5425e-04,  2.1445e-03,  4.7310e-04,
        -2.2769e-03, -1.9801e-03, -4.7572e-03, -3.3046e-03,  2.2431e-03,
         2.3087e-03,  3.9510e-03,  2.1580e-03,  5.1758e-04, -9.5830e-04,
         9.3977e-04,  2.2428e-03, -3.0939e-04, -2.6680e-03, -2.4811e-03,
        -4.7203e-04, -4.7445e-03,  1.9293e-03, -4.7448e-03, -7.1882e-04,
        -5.2667e-04, -4.5326e-04,  6.6411e-04,  3.6722e-04,  8.2924e-04,
         2.6496e-05,  1.8308e-03, -2.9950e-03,  9.1464e-04,  2.5042e-04,
         5.3987e-04, -1.9162e-03,  1.2391e-03, -4.1699e-04,  3.8841e-03,
         1.4615e-04,  8.3838e-04,  2.2097e-03, -2.7608e-03,  3.4405e-03,
        -4.4096e-04, -8.7354e-04,  3.6870e-03, -6.9807e-04, -9.1118e-04,
         1.2957e-03, -1.4815e-03,  3.2485e-04, -1.5212e-03,  4.5313e-03,
         1.1263e-03,  1.5362e-03,  4.1284e-03,  2.0876e-03, -1.5409e-03,
         2.4218e-03, -8.3608e-05, -5.4175e-04,  3.6079e-04,  3.1481e-03,
         4.5374e-03,  1.6175e-03, -2.8230e-03, -3.3814e-03,  4.2103e-04,
        -3.4314e-03,  8.4442e-04, -1.5710e-04, -3.6388e-03, -8.0530e-04,
         3.4818e-03,  5.8141e-03, -2.1865e-03,  3.0082e-03,  7.3100e-04,
        -2.0410e-03,  4.4007e-04,  2.4144e-03,  1.0612e-03, -3.1876e-03,
        -6.5218e-04,  3.8721e-03,  1.1024e-03,  3.4839e-03,  5.6080e-04,
         5.8679e-04,  2.8545e-03, -6.9408e-04,  3.8132e-03, -5.6903e-03,
        -1.6553e-03, -1.3030e-03,  3.1661e-03, -1.7185e-03,  2.9289e-03,
        -1.3955e-03,  7.4562e-04,  4.0662e-03,  1.0614e-03,  2.5102e-03,
         2.1491e-03, -5.2448e-03,  1.0443e-03, -2.9822e-03, -4.2899e-03,
        -1.5966e-03, -3.2274e-03, -2.6572e-03,  7.7433e-04,  8.4432e-04,
        -2.0033e-03,  2.0710e-05,  5.8799e-04, -3.4796e-03, -4.1157e-03,
        -7.9440e-04,  3.7933e-03,  2.7989e-04, -1.5973e-03, -6.7307e-04,
         9.0684e-04,  1.4585e-03,  1.6722e-05,  3.8192e-03,  4.0508e-04,
        -9.3075e-04, -1.1325e-04,  8.1666e-04,  6.2412e-03,  2.1067e-03,
        -2.7545e-04, -3.3587e-03,  9.0975e-05, -3.4226e-03, -3.1654e-04,
        -2.3597e-03,  2.3212e-03, -9.0005e-04,  3.9430e-03,  3.6085e-04,
        -5.1002e-03, -4.2399e-03, -4.6866e-03, -1.4466e-03,  2.3160e-03,
        -4.7095e-03,  7.0702e-04, -1.7144e-05, -2.2920e-03,  9.6046e-04,
        -9.7972e-04,  2.7833e-03, -1.0702e-03, -2.5503e-03, -4.4280e-03,
        -7.0958e-05,  6.8021e-04, -1.0082e-03,  7.4310e-04,  3.9833e-04,
         1.0300e-04,  4.3447e-03,  2.7514e-03,  6.2712e-04, -3.5330e-03,
        -7.0291e-04,  4.8974e-04, -3.7545e-03, -2.8551e-03, -1.1147e-03,
         1.8019e-03, -4.7252e-04, -7.0721e-04,  2.1639e-03, -3.6951e-03,
        -2.0875e-03, -1.0301e-03,  4.2415e-03,  3.2371e-03, -7.5715e-04,
         2.7413e-03, -2.8468e-03, -4.5685e-03, -8.9764e-04, -3.4396e-03,
         7.5659e-03, -3.5683e-03,  3.8448e-04, -4.9103e-03, -1.3809e-03,
        -4.0300e-03, -1.0466e-04, -1.0796e-03, -1.5418e-03, -5.4768e-03,
         1.5367e-03,  3.1033e-03,  1.6639e-03,  1.7028e-03, -5.1159e-03,
         2.9015e-03, -1.5180e-03,  6.8062e-04,  4.4743e-03,  9.1255e-04,
        -3.6639e-04,  1.7101e-03,  2.2084e-04,  3.8412e-03,  1.0481e-03,
        -2.4061e-03, -9.7588e-05, -4.4032e-04, -4.8404e-03,  5.9614e-04,
         6.9070e-04,  7.6528e-04,  3.7350e-03, -2.4588e-05,  3.7715e-03,
         7.5176e-04,  3.7457e-03, -2.9773e-04,  1.3334e-03,  1.6230e-03,
        -2.9330e-03, -1.5890e-03, -8.8671e-04,  4.0249e-03, -6.0654e-03,
        -3.9230e-03,  2.4086e-03,  1.9166e-03,  1.6068e-03,  2.7235e-03,
         9.5454e-04, -8.3695e-04, -3.0663e-03,  2.1099e-03, -3.4475e-03,
        -2.8166e-03,  2.6146e-04, -3.9661e-03,  2.6815e-03, -1.4254e-03,
         1.4681e-03,  2.9957e-03,  1.3447e-04,  1.2048e-03,  3.4875e-03,
         4.9852e-03,  2.1432e-03,  1.9301e-03, -3.4210e-03, -8.7490e-04,
        -1.6304e-03, -1.3121e-04, -7.1193e-05, -3.6172e-03,  2.2425e-04,
         1.2264e-03, -4.0701e-03,  1.3823e-03, -2.3241e-03,  3.0969e-03,
        -8.8983e-04,  1.6383e-04,  4.1711e-03, -2.6713e-03,  5.8669e-04,
         3.1283e-03,  4.6334e-03, -2.1095e-03,  6.5435e-05,  1.2116e-03,
        -3.9093e-03, -2.7157e-04, -2.2369e-03, -2.7025e-04, -1.0981e-03,
        -1.7601e-03, -1.4962e-03,  7.3886e-04, -2.1445e-03,  3.1010e-03,
        -1.8546e-03,  1.5337e-03, -8.7655e-04, -2.3997e-03,  4.6204e-04,
        -3.5051e-03, -3.0874e-04, -3.9096e-03, -1.6926e-03, -1.8053e-03,
         1.3412e-03, -4.0748e-03,  6.7331e-04,  3.1171e-03, -1.4012e-03,
        -8.4305e-04, -5.2951e-04,  1.5335e-03,  1.5929e-03, -2.6792e-03,
         3.3076e-03, -9.3544e-04, -1.9921e-04, -1.8360e-03,  9.1836e-04,
        -2.4117e-04, -1.0978e-03, -2.0693e-04, -6.7324e-04, -5.7164e-04,
        -2.0899e-03,  4.0478e-03,  1.0269e-04, -2.7308e-04, -1.3727e-03,
         5.4498e-04,  1.7535e-03, -1.3953e-03, -1.1032e-03,  9.2064e-04,
        -2.0294e-03, -3.1314e-03,  2.8333e-03, -1.6397e-03, -3.4453e-03,
         2.9519e-03, -1.5849e-04, -2.8937e-03,  1.4513e-03,  8.8729e-04,
         1.9609e-03, -8.0753e-04, -3.3699e-04,  8.7238e-04,  1.5877e-03,
         6.1729e-05,  1.0175e-03, -5.6243e-04, -3.7117e-03,  1.3552e-03,
         2.1347e-03,  2.7231e-03, -3.1473e-03,  3.3512e-04, -1.3572e-03,
         2.9687e-03,  1.3228e-03, -9.7414e-04,  5.2428e-03, -1.0481e-05,
         4.1067e-03,  9.3246e-04,  1.7152e-03,  1.0907e-03,  1.5180e-03,
        -4.2554e-05,  2.0603e-03,  1.9770e-03,  3.8392e-03,  2.1046e-03,
        -8.2074e-04, -8.1409e-04,  1.2318e-03,  2.8151e-03,  4.6860e-04,
        -9.2296e-04,  1.8842e-04,  3.8696e-03, -8.9199e-04,  8.3835e-04,
         4.0524e-04, -2.7305e-03,  4.3120e-03, -1.8655e-04,  1.1870e-03,
        -1.6523e-03, -3.0037e-05,  1.2791e-03,  6.7719e-05,  8.5150e-04,
        -1.5830e-03,  5.6200e-04, -9.8147e-04, -3.2548e-03, -3.4788e-04,
         3.1825e-04,  4.2856e-04,  7.0139e-04,  2.7127e-05,  1.9070e-03,
        -9.3694e-05,  6.6307e-03, -2.1288e-03, -1.8299e-03, -3.4449e-03,
        -3.9143e-03,  2.1136e-03,  4.4200e-04, -1.2108e-03, -4.3374e-04,
         4.5706e-04,  2.1967e-03,  8.7700e-04, -2.9273e-03,  2.8760e-03,
        -1.9596e-05, -3.9441e-04, -1.0840e-03, -3.3513e-03, -1.2056e-03,
         1.1892e-03, -3.2370e-03,  5.8537e-04,  2.0542e-03, -5.4852e-05,
        -1.0630e-03,  1.2949e-03, -3.1023e-03, -2.8475e-05,  8.5467e-04,
        -4.0545e-03, -2.4337e-03, -1.3362e-03,  2.1557e-03, -2.8633e-03,
        -1.0130e-03, -1.1830e-03, -8.1743e-04, -1.6801e-04, -4.4011e-03,
        -1.5812e-03,  1.4129e-03, -3.6706e-04,  3.4082e-03,  6.3335e-03,
        -3.5640e-03, -1.0084e-03, -4.8217e-03, -1.4520e-03, -1.8266e-04,
        -1.3325e-03, -7.5418e-04,  1.5778e-03, -2.4467e-04,  2.4318e-05,
         6.7378e-04, -1.4301e-04,  3.9925e-03,  1.2665e-03, -3.4604e-03,
         1.5651e-03,  2.7212e-04,  2.1414e-03,  3.9414e-03, -1.6606e-03,
         1.5987e-04,  3.0538e-03, -5.9865e-04,  3.3206e-03,  2.5719e-03,
        -2.6702e-03,  4.7784e-04,  6.0941e-04, -3.1154e-03, -3.6370e-03,
        -2.7514e-03,  1.7090e-03, -1.8733e-03,  2.2961e-03,  2.6909e-04,
        -1.8887e-03,  2.4989e-03, -5.3167e-04,  1.3491e-03,  3.2200e-03,
         1.3804e-04,  2.8971e-03,  1.8504e-03,  4.2951e-03,  4.2863e-03,
        -1.6433e-03,  3.0010e-03, -5.4780e-04,  1.3783e-03,  1.2292e-03,
         2.7013e-03, -6.5478e-04,  3.2822e-04, -5.2082e-04,  2.7403e-03,
         2.9626e-03, -3.6421e-04, -2.9988e-03, -1.3580e-03,  7.1271e-04,
         3.3229e-03,  8.7095e-04, -5.6416e-03, -1.9756e-03,  7.0752e-04,
        -1.5622e-03, -5.1625e-03, -2.7231e-03,  1.0184e-03, -1.6066e-03,
        -3.2761e-03,  1.2997e-03,  2.6592e-03, -5.0721e-04,  3.4402e-03,
         2.2311e-03,  3.2537e-04, -3.4936e-03, -3.4566e-03,  1.9134e-03,
        -7.6896e-04,  1.8485e-03, -3.7696e-03, -3.6216e-03,  1.7650e-03,
         2.2573e-03,  1.6298e-03,  6.0773e-04,  4.4124e-03,  4.2293e-04,
        -8.6865e-04,  2.3514e-03,  1.2748e-04, -1.9741e-03, -5.0742e-04,
         1.0369e-03, -1.5959e-03, -4.0168e-03, -6.3787e-04, -2.0959e-03,
        -2.8282e-03,  4.1890e-05, -2.1482e-03, -4.1486e-03, -1.9097e-04,
         3.2079e-03,  2.6716e-03, -1.6326e-04, -1.9754e-03,  4.3806e-04,
         3.5077e-03, -9.4975e-04, -1.5212e-03, -3.8446e-04, -1.5672e-03,
        -4.0769e-03, -2.9367e-03, -5.6177e-03, -2.4537e-03, -7.3458e-03,
        -1.6148e-03, -9.8929e-04, -5.1103e-03,  3.3004e-04, -7.3326e-04,
         3.6675e-03, -2.5802e-03,  5.3502e-04,  8.1066e-06,  2.7759e-03,
         1.2552e-03, -3.1987e-05,  2.5507e-03,  2.3098e-03, -6.1982e-04,
         4.4099e-03, -5.4254e-03,  1.0873e-03,  2.9275e-04, -4.9371e-04,
         9.8758e-05,  2.4726e-03, -2.7717e-03, -2.7513e-03, -2.2801e-03,
        -1.4331e-03, -2.8749e-04, -1.3998e-04,  2.1909e-04, -9.0023e-04,
        -1.3361e-03,  3.0356e-03,  4.9117e-03,  3.1587e-03, -2.0012e-03,
        -9.8045e-04, -1.2347e-03,  1.0424e-03,  2.9668e-04, -2.4648e-03,
        -7.5153e-04, -9.3117e-04, -7.4842e-03, -6.8088e-03,  1.6005e-03,
         2.6709e-03,  3.7397e-03, -3.9480e-04, -3.7655e-03,  2.4577e-03,
        -1.3260e-03, -3.5405e-03,  3.9312e-03,  1.3778e-03,  6.6744e-04,
         1.1118e-03,  1.3152e-03, -1.8400e-03])
Rhodopsin	tensor([ 2.4176e-03, -2.5890e-04,  1.1540e-03, -1.8964e-04,  1.7224e-04,
         3.5297e-03, -7.0044e-04,  1.6355e-03,  2.5514e-04,  4.1279e-04,
        -3.1054e-03,  3.4334e-03,  1.9461e-03,  1.6969e-03, -3.4116e-03,
        -4.7800e-04,  5.5436e-04,  8.8459e-04,  3.0528e-03, -2.7432e-03,
        -3.0725e-03,  7.4233e-04, -7.5621e-04, -1.7962e-04,  2.1288e-03,
         1.0099e-03,  1.3495e-03, -2.3563e-03, -5.3344e-04,  1.3215e-03,
         1.7252e-03,  6.5662e-04,  3.5293e-03, -3.5564e-04,  2.1532e-03,
        -1.8236e-04, -1.5334e-03,  3.2382e-04,  4.9783e-03, -1.9384e-03,
        -1.5054e-03,  8.1876e-04, -2.1723e-04,  1.2341e-03,  2.8023e-03,
        -2.4916e-03,  5.5414e-04,  3.9433e-03,  1.9096e-04, -5.6585e-05,
         1.3297e-03, -1.2175e-03, -2.0988e-04, -4.3972e-03, -2.3332e-03,
         1.9198e-03, -3.8307e-03,  1.5356e-03,  2.4760e-03,  3.0802e-03,
         1.8977e-03, -1.3900e-03, -3.8807e-04,  1.7902e-03, -4.7777e-04,
        -4.3505e-03, -1.3301e-03, -1.2844e-03,  1.8822e-03,  1.9806e-03,
        -2.9619e-03, -2.4467e-03, -5.6012e-04,  7.6740e-04,  5.1680e-04,
         6.4015e-04,  1.8508e-03,  1.7715e-03,  5.0877e-06, -5.2752e-03,
        -1.0119e-04,  1.2075e-03,  1.2109e-03,  3.6498e-04, -2.2948e-03,
        -4.2353e-03,  1.4224e-04,  2.7652e-03, -2.9769e-04, -8.4299e-04,
        -2.7889e-03,  4.1513e-03,  3.7225e-03, -2.4263e-03, -1.0890e-03,
        -4.9950e-03,  5.7101e-03, -1.9408e-03, -7.1891e-04,  2.8308e-04,
        -2.4577e-03,  7.3136e-04, -1.1656e-03,  1.3511e-04, -1.6569e-03,
         8.6118e-04,  8.7890e-04, -3.6974e-03,  7.7168e-04,  1.4143e-03,
         4.2333e-03, -3.7074e-03, -5.2855e-05, -9.6385e-05, -4.1092e-03,
         3.2581e-03,  3.7973e-03,  1.9384e-03, -2.6345e-03, -1.0224e-03,
        -1.1562e-03, -4.3174e-03, -1.6087e-04,  6.8341e-05,  1.3423e-03,
         1.3914e-04, -3.2809e-03,  4.3655e-03, -2.1177e-04, -3.5391e-03,
         1.3799e-03, -1.5186e-03, -2.8049e-03, -2.9099e-04,  1.4222e-03,
        -1.1273e-03, -1.7259e-03, -3.5128e-04, -1.0291e-03,  3.4134e-04,
        -1.5360e-03,  1.9440e-03,  1.6037e-03,  4.2880e-03, -1.8894e-03,
         3.5942e-03,  4.8662e-04,  3.5130e-04,  2.1126e-03, -8.7103e-04,
        -3.4281e-04,  5.5973e-04, -3.2942e-03, -4.4263e-03,  6.5702e-04,
         5.7868e-03,  2.8282e-03,  2.0196e-03,  2.6966e-03, -2.3171e-03,
        -5.6355e-04,  2.5277e-03, -7.9516e-04, -3.6651e-04, -1.5849e-03,
         4.2457e-04, -3.1773e-03,  2.6378e-03, -3.0305e-03, -6.8716e-04,
        -7.7775e-04, -3.2876e-03,  2.1263e-03, -1.6748e-03, -1.2534e-03,
         2.1555e-03,  1.6391e-05, -2.4491e-03, -1.6193e-04,  1.1774e-03,
         7.3569e-04, -3.6068e-03,  1.6156e-04,  3.8467e-04,  2.5780e-03,
        -3.2626e-04, -5.3182e-04,  2.4608e-03, -8.4173e-04,  1.4319e-03,
        -9.5642e-04,  1.5466e-03,  1.1924e-03,  1.4951e-03, -3.3396e-03,
        -1.2220e-04, -2.4994e-03,  1.1697e-03, -1.5429e-03,  2.2640e-03,
        -1.7508e-04,  3.9259e-05,  9.4038e-04, -3.4513e-04, -1.0521e-03,
         5.4622e-03, -3.3606e-04, -1.3936e-03,  6.2192e-04,  3.9318e-03,
         3.6050e-03,  1.5082e-04,  6.4084e-04, -1.1427e-04,  6.2437e-04,
        -9.5972e-04, -2.8939e-04,  3.0796e-03, -1.2333e-03, -9.9961e-04,
         2.7271e-03,  2.1994e-03, -2.0655e-03,  8.9623e-04, -1.7317e-03,
        -3.8400e-03,  4.4354e-04,  2.3064e-03, -1.1196e-03, -7.6571e-04,
        -5.9476e-04,  1.3487e-03,  1.1590e-04,  2.0385e-03,  8.0723e-04,
         4.1161e-04,  4.1359e-03, -2.6781e-03,  4.2871e-03, -6.1331e-03,
        -7.3325e-04,  2.3709e-03, -3.8718e-04,  5.9303e-04,  2.8084e-03,
        -2.8886e-03, -1.5070e-03,  4.2981e-03, -5.0505e-04,  3.7591e-03,
         2.3986e-03, -5.2030e-03,  1.1558e-03, -1.5617e-03, -4.2264e-03,
         9.2992e-04, -2.6204e-03,  2.4237e-05, -1.6071e-04,  1.5513e-03,
        -1.3645e-03,  2.6146e-03,  4.7548e-04, -2.6867e-03, -1.0790e-03,
        -1.0455e-03,  2.7819e-03,  2.8159e-03, -8.9580e-04,  8.5548e-04,
         3.5952e-03, -2.2803e-03, -1.1950e-03,  4.0761e-03, -3.2425e-04,
        -3.6876e-04, -4.5875e-05, -1.3946e-03,  2.9097e-03,  3.5699e-03,
        -1.2535e-03, -5.1958e-03,  1.1743e-04,  4.7979e-05, -1.9467e-03,
        -1.4810e-04,  1.2337e-03,  8.0121e-04,  4.8634e-03,  8.1656e-04,
        -4.3639e-03, -3.9494e-03, -4.6148e-03, -2.9533e-03, -1.1920e-03,
        -3.1609e-03, -9.1999e-04, -3.1708e-03, -1.7241e-03, -6.9864e-04,
         1.5418e-03, -2.8046e-03, -1.0779e-03, -6.9453e-04, -4.0932e-03,
        -3.2482e-03, -3.1101e-04, -1.7722e-03,  2.5791e-04,  5.0414e-04,
        -1.0284e-03,  2.3012e-03,  4.2652e-03,  7.9622e-04, -1.7050e-04,
        -2.4699e-03, -7.9715e-04, -2.3310e-03, -4.2984e-04, -1.1333e-03,
         1.9618e-03,  5.4752e-05, -4.9499e-04,  1.6300e-03, -2.6285e-03,
         4.8132e-05,  1.2549e-04,  4.9675e-03,  1.0856e-03,  9.8309e-04,
         2.2969e-03, -1.5459e-03, -1.4917e-03, -1.5888e-03, -6.8879e-04,
         6.6860e-03, -2.4500e-03,  3.1655e-04, -3.9911e-03,  2.6246e-03,
        -6.5187e-04,  3.9757e-05, -2.5728e-03, -2.2929e-03, -5.2377e-03,
        -1.4720e-03,  1.7388e-04,  2.1969e-05, -2.1083e-03, -3.0072e-04,
         1.2333e-03, -1.4829e-03,  1.3599e-03,  1.9521e-03,  1.5976e-03,
        -2.1920e-03,  1.8038e-03, -5.2838e-04,  2.4525e-03,  1.9412e-03,
        -1.9390e-03,  1.0341e-03, -7.3221e-04, -4.7262e-03, -2.1023e-03,
         2.2277e-03,  3.3229e-03, -4.5579e-04,  2.7395e-04,  1.4175e-03,
         3.0570e-03, -1.3309e-05, -4.1070e-04,  1.9028e-03,  2.2511e-04,
        -2.6062e-04, -2.6694e-03,  1.6654e-03,  2.4738e-03, -3.5087e-03,
        -2.2376e-03,  2.1497e-03,  8.0976e-04, -9.1827e-04,  1.0357e-03,
         1.2664e-03,  1.4576e-03, -5.3937e-04,  8.3174e-04, -3.5368e-03,
        -4.2203e-03, -1.0448e-03, -8.0608e-04,  3.7723e-03, -2.9233e-03,
         1.6039e-03,  3.2691e-03, -1.5218e-03,  8.6219e-04,  1.6623e-03,
         2.6598e-03,  2.6438e-03,  9.9789e-04, -4.5021e-03, -2.0244e-03,
        -1.3456e-03,  2.7700e-03, -3.1614e-03, -2.0940e-03,  2.5328e-03,
        -1.1078e-03, -2.1623e-03, -2.8117e-04, -2.5009e-03,  4.0963e-03,
        -4.0139e-03,  3.0485e-04,  3.5628e-03,  6.3644e-04, -1.8975e-04,
         2.7523e-03,  3.0322e-03,  1.9399e-04, -7.0022e-04,  2.1650e-03,
        -1.0602e-03,  1.6333e-03, -2.3855e-04, -2.4561e-03, -2.3281e-03,
        -4.5169e-03,  2.3308e-05, -2.7980e-05, -3.6454e-03, -1.1538e-03,
        -4.5891e-03,  1.1794e-03, -2.7320e-03, -2.2726e-03, -9.1336e-04,
        -8.1996e-04, -3.8121e-03, -2.4723e-03, -8.4245e-04, -3.9842e-03,
        -5.7587e-04, -1.3225e-03, -5.6827e-04,  1.6686e-03, -6.3179e-04,
         1.7121e-04, -1.0176e-03,  9.7143e-04,  2.9205e-03, -5.7727e-04,
        -3.6389e-04,  6.8090e-04, -2.0465e-03,  1.7783e-04, -2.9111e-03,
        -1.9427e-03,  2.9526e-03, -1.3223e-03, -2.4471e-03, -1.6903e-03,
         8.8223e-05,  2.2302e-03,  9.8822e-05, -1.8972e-03, -6.3962e-04,
         2.2692e-04,  1.2087e-03,  2.8613e-03, -1.7044e-03,  1.1061e-03,
        -1.0291e-03, -3.2084e-03,  2.0416e-03, -6.8009e-04, -3.1133e-03,
         4.9178e-03, -1.2144e-03, -1.8453e-03,  1.5427e-03,  1.2403e-03,
         9.9898e-04, -1.1725e-04, -1.2941e-03, -2.1189e-03,  2.6650e-03,
         2.3202e-03, -1.3268e-03, -3.9259e-04, -5.4871e-03,  8.6227e-04,
         2.1010e-03,  4.4504e-03, -4.2614e-04, -1.6186e-03, -3.5418e-03,
         5.4968e-04,  2.6745e-03, -9.6931e-04,  4.7177e-03, -1.6276e-03,
         2.1140e-03,  4.9447e-03,  2.9358e-03, -5.1367e-04,  2.0917e-03,
         2.9197e-05,  1.5003e-03,  2.2537e-04,  2.9671e-03,  2.6470e-03,
        -2.8887e-03,  2.0089e-03,  1.4229e-03,  1.6526e-03,  8.9147e-04,
        -6.7090e-04, -2.2783e-03,  7.7646e-04, -3.2760e-04,  2.5151e-03,
        -1.4284e-03, -1.8736e-03,  1.5495e-03,  3.2669e-05,  1.2886e-03,
        -3.3755e-03,  1.0081e-03, -8.4565e-04,  2.0027e-03, -7.2592e-05,
        -3.2079e-03,  1.1859e-03, -1.1267e-04, -1.6939e-03, -2.2059e-04,
         5.2786e-04, -5.7970e-04,  2.8158e-03,  9.3452e-04,  2.6954e-03,
        -1.4662e-03,  8.5674e-03,  4.0719e-04, -1.0511e-03,  3.5937e-04,
        -1.6525e-03,  3.1759e-03,  3.2012e-03,  7.9639e-04, -1.4368e-03,
         2.0809e-04,  1.8821e-03, -1.0828e-03, -2.9204e-03,  2.1840e-03,
        -4.7475e-05,  5.3333e-04, -1.2538e-03, -4.6314e-03, -4.7819e-03,
         1.0896e-03, -2.7393e-03,  1.0131e-03,  3.7226e-03, -1.5307e-03,
        -2.8464e-04, -1.6534e-03, -2.4755e-03, -2.8635e-03, -1.4763e-03,
        -1.4319e-04,  2.4686e-04,  6.7362e-04,  3.1647e-03,  7.8519e-04,
         1.3699e-03,  4.9122e-04, -1.2723e-03,  1.1734e-03, -3.1326e-03,
         1.3867e-03,  4.2386e-03,  2.0164e-03,  2.5525e-03,  6.1071e-03,
        -2.2446e-03, -1.8008e-03, -3.8038e-03, -4.0941e-03,  6.2431e-04,
        -2.0731e-03, -1.1609e-03,  7.8184e-04, -2.4940e-03,  1.0040e-04,
         3.7390e-04, -7.2967e-04,  5.1231e-03, -1.1890e-04, -2.6472e-03,
         3.1062e-04, -7.2224e-04,  1.7940e-03,  8.9366e-04, -4.4838e-04,
        -7.5894e-04,  5.9891e-04, -2.2765e-04,  1.1979e-03,  5.9470e-03,
        -3.8810e-03,  1.7688e-03, -6.8637e-04, -1.4672e-03, -2.2012e-03,
        -6.8069e-04,  7.4579e-04, -2.0670e-03,  5.2722e-04, -8.0621e-04,
        -4.0373e-04,  1.4311e-03, -1.5625e-03,  7.5850e-04,  3.8094e-03,
         3.7665e-03,  5.3175e-03,  6.3422e-04,  1.3317e-03,  2.1734e-03,
        -8.8541e-04,  1.9385e-03, -3.3919e-03, -1.7507e-03, -1.5432e-04,
         1.2437e-03, -2.2834e-03, -3.2967e-04, -2.1689e-03,  9.0316e-05,
         1.0859e-03, -1.3338e-03, -1.4029e-03, -5.8907e-04,  6.2907e-04,
         1.3334e-03,  2.2944e-03, -2.2518e-03, -2.0691e-03, -5.2540e-04,
        -1.7754e-03, -2.2880e-03,  9.5566e-04,  1.3053e-03, -1.1969e-03,
        -1.1650e-03,  1.1152e-03,  2.7854e-03, -1.4221e-03,  2.6972e-03,
         9.1779e-04, -2.3634e-03, -1.5532e-03, -3.3828e-03,  6.8478e-06,
        -7.9707e-04,  1.9775e-03, -2.5001e-03, -4.3432e-03,  4.0831e-03,
        -9.0742e-05,  1.7565e-03,  6.0356e-04,  3.4854e-03, -8.0118e-04,
         4.3692e-04,  3.1393e-03, -2.2319e-03,  1.6846e-03, -5.7533e-04,
        -9.8205e-04, -4.2447e-03, -4.5335e-03, -1.7239e-03, -1.6238e-04,
        -1.0877e-03, -1.8198e-03,  1.9614e-04, -1.2712e-03,  3.4361e-04,
         2.2472e-03,  3.2927e-03, -5.2512e-04, -2.8813e-04, -3.0128e-04,
         3.0401e-03, -8.8241e-04, -9.7553e-04, -3.3066e-03, -4.1633e-03,
        -3.8339e-03,  1.8737e-03, -3.0227e-03, -3.3633e-04, -4.2875e-03,
         2.1894e-04,  1.5197e-03, -8.6105e-04,  2.3601e-03, -3.8037e-05,
         5.6172e-03, -2.6955e-03, -1.9420e-04, -5.8163e-04,  1.7795e-03,
         7.3459e-06, -9.2110e-04,  1.0623e-03,  2.3139e-03, -2.1312e-03,
         2.7964e-03,  4.8264e-05,  8.8525e-04, -2.5305e-03, -3.2427e-03,
         1.4757e-03,  1.0334e-03, -1.7423e-03,  1.7636e-03, -1.5161e-03,
        -4.4670e-03,  2.3969e-03, -6.7905e-04, -5.3782e-04, -1.1603e-03,
         3.9809e-04, -4.0783e-05,  5.5976e-03,  5.9285e-04, -5.3210e-04,
        -1.6517e-03, -3.0487e-03,  2.4656e-03, -1.3996e-03, -8.3898e-04,
         7.7899e-05, -1.3629e-04, -3.5913e-03, -5.8658e-03,  3.0477e-03,
         4.6971e-03,  3.2531e-03, -2.0220e-03, -4.3925e-03,  6.9933e-04,
        -1.9684e-03, -3.2073e-03,  3.3437e-03,  7.3627e-04,  1.4033e-03,
         7.2696e-04,  2.8569e-03, -3.1763e-04])
